100.000000	-0.007227	10.695313	0.000052	-0.007227
99.900000	-0.011387	26.553828	0.000130	-0.011387
99.800000	-0.013809	39.050703	0.000191	-0.013809
99.700000	-0.013984	40.051250	0.000196	-0.013984
99.600000	-0.008916	16.280645	0.000079	-0.008916
99.500000	-0.011943	29.213457	0.000143	-0.011943
99.400000	-0.012393	31.452363	0.000154	-0.012393
99.300000	-0.011797	28.501250	0.000139	-0.011797
99.200000	-0.010625	23.120000	0.000113	-0.010625
99.100000	-0.011748	28.265801	0.000138	-0.011748
99.000000	-0.017432	62.230957	0.000304	-0.017432
98.900000	-0.009951	20.280488	0.000099	-0.009951
98.800000	-0.012744	33.262207	0.000162	-0.012744
98.700000	-0.009062	16.820000	0.000082	-0.009062
98.600000	-0.012334	31.155645	0.000152	-0.012334
98.500000	-0.008574	15.056328	0.000074	-0.008574
98.400000	-0.010742	23.632813	0.000115	-0.010742
98.300000	-0.007813	12.500000	0.000061	-0.007813
98.200000	-0.009199	17.331328	0.000085	-0.009199
98.100000	-0.009219	17.405000	0.000085	-0.009219
98.000000	-0.010654	23.247676	0.000114	-0.010654
97.900000	-0.008574	15.056328	0.000074	-0.008574
97.800000	-0.007012	10.068828	0.000049	-0.007012
97.700000	-0.012090	29.934453	0.000146	-0.012090
97.600000	-0.009160	17.184453	0.000084	-0.009160
97.500000	-0.010996	24.763203	0.000121	-0.010996
97.400000	-0.010156	21.125000	0.000103	-0.010156
97.300000	-0.008623	15.228301	0.000074	-0.008623
97.200000	-0.009150	17.147832	0.000084	-0.009150
97.100000	-0.011055	25.027813	0.000122	-0.011055
97.000000	-0.010615	23.077520	0.000113	-0.010615
96.900000	-0.010215	21.369453	0.000104	-0.010215
96.800000	-0.011494	27.057207	0.000132	-0.011494
96.700000	-0.008877	16.138301	0.000079	-0.008877
96.600000	-0.010928	24.456270	0.000119	-0.010928
96.500000	-0.012236	30.664238	0.000150	-0.012236
96.400000	-0.007031	10.125000	0.000049	-0.007031
96.300000	-0.014639	43.886738	0.000214	-0.014639
96.200000	-0.012412	31.551582	0.000154	-0.012412
96.100000	-0.007793	12.437578	0.000061	-0.007793
96.000000	-0.012344	31.205000	0.000152	-0.012344
95.900000	-0.012217	30.566426	0.000149	-0.012217
95.800000	-0.011240	25.875020	0.000126	-0.011240
95.700000	-0.011055	25.027813	0.000122	-0.011055
95.600000	-0.011387	26.553828	0.000130	-0.011387
95.500000	-0.009805	19.687813	0.000096	-0.009805
95.400000	-0.007432	11.310957	0.000055	-0.007432
95.300000	-0.009375	18.000000	0.000088	-0.009375
95.200000	-0.009092	16.928926	0.000083	-0.009092
95.100000	-0.011670	27.891113	0.000136	-0.011670
95.000000	-0.013252	35.965801	0.000176	-0.013252
94.900000	-0.011572	27.426270	0.000134	-0.011572
94.800000	-0.014238	41.518828	0.000203	-0.014238
94.700000	-0.011016	24.851250	0.000121	-0.011016
94.600000	-0.011455	26.873613	0.000131	-0.011455
94.500000	-0.012695	33.007813	0.000161	-0.012695
94.400000	-0.011611	27.611738	0.000135	-0.011611
94.300000	-0.010566	22.865703	0.000112	-0.010566
94.200000	-0.011484	27.011250	0.000132	-0.011484
94.100000	-0.013184	35.595703	0.000174	-0.013184
94.000000	-0.010566	22.865703	0.000112	-0.010566
93.900000	-0.010430	22.277813	0.000109	-0.010430
93.800000	-0.009385	18.037520	0.000088	-0.009385
93.700000	-0.009687	19.220000	0.000094	-0.009687
93.600000	-0.009492	18.452813	0.000090	-0.009492
93.500000	-0.010693	23.418457	0.000114	-0.010693
93.400000	-0.010000	20.480000	0.000100	-0.010000
93.300000	-0.009795	19.648613	0.000096	-0.009795
93.200000	-0.013545	37.573613	0.000183	-0.013545
93.100000	-0.011641	27.751250	0.000136	-0.011641
93.000000	-0.014316	41.975703	0.000205	-0.014316
92.900000	-0.010918	24.412578	0.000119	-0.010918
92.800000	-0.010693	23.418457	0.000114	-0.010693
92.700000	-0.014785	44.769453	0.000219	-0.014785
92.600000	-0.015723	50.626953	0.000247	-0.015723
92.500000	-0.011846	28.737676	0.000140	-0.011846
92.400000	-0.011396	26.599395	0.000130	-0.011396
92.300000	-0.005801	6.891328	0.000034	-0.005801
92.200000	-0.008838	15.996582	0.000078	-0.008838
92.100000	-0.014785	44.769453	0.000219	-0.014785
92.000000	-0.008076	13.357988	0.000065	-0.008076
91.900000	-0.010107	20.922363	0.000102	-0.010107
91.800000	-0.011328	26.281250	0.000128	-0.011328
91.700000	-0.008447	14.613770	0.000071	-0.008447
91.600000	-0.008887	16.173828	0.000079	-0.008887
91.500000	-0.010742	23.632813	0.000115	-0.010742
91.400000	-0.012344	31.205000	0.000152	-0.012344
91.300000	-0.012783	33.466426	0.000163	-0.012783
91.200000	-0.010264	21.574238	0.000105	-0.010264
91.100000	-0.010400	22.152832	0.000108	-0.010400
91.000000	-0.009873	19.963301	0.000097	-0.009873
90.900000	-0.007539	11.640313	0.000057	-0.007539
90.800000	-0.010518	22.654863	0.000111	-0.010518
90.700000	-0.012510	32.050020	0.000156	-0.012510
90.600000	-0.009092	16.928926	0.000083	-0.009092
90.500000	-0.010273	21.615313	0.000106	-0.010273
90.400000	-0.013018	34.704863	0.000169	-0.013018
90.300000	-0.012832	33.722578	0.000165	-0.012832
90.200000	-0.012939	34.289551	0.000167	-0.012939
90.100000	-0.009600	18.872832	0.000092	-0.009600
90.000000	-0.007412	11.251582	0.000055	-0.007412
89.900000	-0.014541	43.303145	0.000211	-0.014541
89.800000	-0.012881	33.979707	0.000166	-0.012881
89.700000	-0.010381	22.069707	0.000108	-0.010381
89.600000	-0.010605	23.035078	0.000112	-0.010605
89.500000	-0.010352	21.945313	0.000107	-0.010352
89.400000	-0.011582	27.472578	0.000134	-0.011582
89.300000	-0.015020	46.200078	0.000226	-0.015020
89.200000	-0.014092	40.668926	0.000199	-0.014092
89.100000	-0.007871	12.688203	0.000062	-0.007871
89.000000	-0.011719	28.125000	0.000137	-0.011719
88.900000	-0.010352	21.945313	0.000107	-0.010352
88.800000	-0.007607	11.852363	0.000058	-0.007607
88.700000	-0.010801	23.891328	0.000117	-0.010801
88.600000	-0.011221	25.785176	0.000126	-0.011221
88.500000	-0.011191	25.650703	0.000125	-0.011191
88.400000	-0.012539	32.200313	0.000157	-0.012539
88.300000	-0.011602	27.565313	0.000135	-0.011602
88.200000	-0.013311	36.284551	0.000177	-0.013311
88.100000	-0.008545	14.953613	0.000073	-0.008545
88.000000	-0.008223	13.846953	0.000068	-0.008223
87.900000	-0.011191	25.650703	0.000125	-0.011191
87.800000	-0.014004	40.163203	0.000196	-0.014004
87.700000	-0.010146	21.084395	0.000103	-0.010146
87.600000	-0.010801	23.891328	0.000117	-0.010801
87.500000	-0.008818	15.925957	0.000078	-0.008818
87.400000	-0.014697	44.238770	0.000216	-0.014697
87.300000	-0.011172	25.561250	0.000125	-0.011172
87.200000	-0.015752	50.815801	0.000248	-0.015752
87.100000	-0.010176	21.206328	0.000104	-0.010176
87.000000	-0.009980	20.400078	0.000100	-0.009980
86.900000	-0.009248	17.515801	0.000086	-0.009248
86.800000	-0.013936	39.772051	0.000194	-0.013936
86.700000	-0.010479	22.486895	0.000110	-0.010479
86.600000	-0.010527	22.696953	0.000111	-0.010527
86.500000	-0.009512	18.528828	0.000090	-0.009512
86.400000	-0.012041	29.693145	0.000145	-0.012041
86.300000	-0.010713	23.504082	0.000115	-0.010713
86.200000	-0.013057	34.913457	0.000170	-0.013057
86.100000	-0.009365	17.962520	0.000088	-0.009365
86.000000	-0.010459	22.403145	0.000109	-0.010459
85.900000	-0.009082	16.892578	0.000082	-0.009082
85.800000	-0.012617	32.602812	0.000159	-0.012617
85.700000	-0.009863	19.923828	0.000097	-0.009863
85.600000	-0.011436	26.782051	0.000131	-0.011436
85.500000	-0.005576	6.367988	0.000031	-0.005576
85.400000	-0.013838	39.216582	0.000191	-0.013838
85.300000	-0.013311	36.284551	0.000177	-0.013311
85.200000	-0.011992	29.452813	0.000144	-0.011992
85.100000	-0.007783	12.406426	0.000061	-0.007783
85.000000	-0.017197	60.568770	0.000296	-0.017197
84.900000	-0.011201	25.695488	0.000125	-0.011201
84.800000	-0.010459	22.403145	0.000109	-0.010459
84.700000	-0.009844	19.845000	0.000097	-0.009844
84.600000	-0.010742	23.632813	0.000115	-0.010742
84.500000	-0.014043	40.387578	0.000197	-0.014043
84.400000	-0.009648	19.065313	0.000093	-0.009648
84.300000	-0.015020	46.200078	0.000226	-0.015020
84.200000	-0.011377	26.508301	0.000129	-0.011377
84.100000	-0.008916	16.280645	0.000079	-0.008916
84.000000	-0.011289	26.100313	0.000127	-0.011289
83.900000	-0.008496	14.783203	0.000072	-0.008496
83.800000	-0.014990	46.020020	0.000225	-0.014990
83.700000	-0.010664	23.290312	0.000114	-0.010664
83.600000	-0.009658	19.103926	0.000093	-0.009658
83.500000	-0.010205	21.328613	0.000104	-0.010205
83.400000	-0.012070	29.837812	0.000146	-0.012070
83.300000	-0.011104	25.249395	0.000123	-0.011104
83.200000	-0.011191	25.650703	0.000125	-0.011191
83.100000	-0.011250	25.920000	0.000127	-0.011250
83.000000	-0.013291	36.178145	0.000177	-0.013291
82.900000	-0.009717	19.336426	0.000094	-0.009717
82.800000	-0.013379	36.658203	0.000179	-0.013379
82.700000	-0.016406	55.125000	0.000269	-0.016406
82.600000	-0.009209	17.368145	0.000085	-0.009209
82.500000	-0.017549	63.070488	0.000308	-0.017549
82.400000	-0.009111	17.001738	0.000083	-0.009111
82.300000	-0.011016	24.851250	0.000121	-0.011016
82.200000	-0.007998	13.100801	0.000064	-0.007998
82.100000	-0.010811	23.934551	0.000117	-0.010811
82.000000	-0.008672	15.401250	0.000075	-0.008672
81.900000	-0.008545	14.953613	0.000073	-0.008545
81.800000	-0.018936	73.432051	0.000359	-0.018936
81.700000	-0.012021	29.596895	0.000145	-0.012021
81.600000	-0.013115	35.227520	0.000172	-0.013115
81.500000	-0.009648	19.065313	0.000093	-0.009648
81.400000	-0.010381	22.069707	0.000108	-0.010381
81.300000	-0.012793	33.517578	0.000164	-0.012793
81.200000	-0.014551	43.361328	0.000212	-0.014551
81.100000	-0.014229	41.461895	0.000202	-0.014229
81.000000	-0.013828	39.161250	0.000191	-0.013828
80.900000	-0.011494	27.057207	0.000132	-0.011494
80.800000	-0.012295	30.958613	0.000151	-0.012295
80.700000	-0.013096	35.122676	0.000171	-0.013096
80.600000	-0.010898	24.325312	0.000119	-0.010898
80.500000	-0.010576	22.907988	0.000112	-0.010576
80.400000	-0.015732	50.689863	0.000248	-0.015732
80.300000	-0.009111	17.001738	0.000083	-0.009111
80.200000	-0.013125	35.280000	0.000172	-0.013125
80.100000	-0.014922	45.601250	0.000223	-0.014922
80.000000	-0.012871	33.928203	0.000166	-0.012871
79.900000	-0.012598	32.501953	0.000159	-0.012598
79.800000	-0.010762	23.718828	0.000116	-0.010762
79.700000	-0.011494	27.057207	0.000132	-0.011494
79.600000	-0.012520	32.100078	0.000157	-0.012520
79.500000	-0.014072	40.556270	0.000198	-0.014072
79.400000	-0.010508	22.612813	0.000110	-0.010508
79.300000	-0.014229	41.461895	0.000202	-0.014229
79.200000	-0.012227	30.615313	0.000149	-0.012227
79.100000	-0.016348	54.731953	0.000267	-0.016348
79.000000	-0.013369	36.604707	0.000179	-0.013369
78.900000	-0.015449	48.881328	0.000239	-0.015449
78.800000	-0.012256	30.762207	0.000150	-0.012256
78.700000	-0.010049	20.680488	0.000101	-0.010049
78.600000	-0.010205	21.328613	0.000104	-0.010205
78.500000	-0.014219	41.405000	0.000202	-0.014219
78.400000	-0.015361	48.326738	0.000236	-0.015361
78.300000	-0.010127	21.003301	0.000103	-0.010127
78.200000	-0.010459	22.403145	0.000109	-0.010459
78.100000	-0.010576	22.907988	0.000112	-0.010576
78.000000	-0.014189	41.234551	0.000201	-0.014189
77.900000	-0.012451	31.750488	0.000155	-0.012451
77.800000	-0.011982	29.404863	0.000144	-0.011982
77.700000	-0.013350	36.497832	0.000178	-0.013350
77.600000	-0.013164	35.490313	0.000173	-0.013164
77.500000	-0.014385	42.377520	0.000207	-0.014385
77.400000	-0.014355	42.205078	0.000206	-0.014355
77.300000	-0.016563	56.180000	0.000274	-0.016563
77.200000	-0.012900	34.082832	0.000166	-0.012900
77.100000	-0.015732	50.689863	0.000248	-0.015732
77.000000	-0.012432	31.650957	0.000155	-0.012432
76.900000	-0.014395	42.435078	0.000207	-0.014395
76.800000	-0.012598	32.501953	0.000159	-0.012598
76.700000	-0.010400	22.152832	0.000108	-0.010400
76.600000	-0.012139	30.176738	0.000147	-0.012139
76.500000	-0.014072	40.556270	0.000198	-0.014072
76.400000	-0.012422	31.601250	0.000154	-0.012422
76.300000	-0.014658	44.003926	0.000215	-0.014658
76.200000	-0.013428	36.926270	0.000180	-0.013428
76.100000	-0.015908	51.828926	0.000253	-0.015908
76.000000	-0.017227	60.775312	0.000297	-0.017227
75.900000	-0.013623	38.008301	0.000186	-0.013623
75.800000	-0.013936	39.772051	0.000194	-0.013936
75.700000	-0.013135	35.332520	0.000173	-0.013135
75.600000	-0.018496	70.063203	0.000342	-0.018496
75.500000	-0.013486	37.249238	0.000182	-0.013486
75.400000	-0.013281	36.125000	0.000176	-0.013281
75.300000	-0.013281	36.125000	0.000176	-0.013281
75.200000	-0.012578	32.401250	0.000158	-0.012578
75.100000	-0.015146	46.984395	0.000229	-0.015146
75.000000	-0.014922	45.601250	0.000223	-0.014922
74.900000	-0.015820	51.257813	0.000250	-0.015820
74.800000	-0.016367	54.862812	0.000268	-0.016367
74.700000	-0.016230	53.950078	0.000263	-0.016230
74.600000	-0.011836	28.690313	0.000140	-0.011836
74.500000	-0.010732	23.589863	0.000115	-0.010732
74.400000	-0.011182	25.605957	0.000125	-0.011182
74.300000	-0.016318	54.535957	0.000266	-0.016318
74.200000	-0.013135	35.332520	0.000173	-0.013135
74.100000	-0.010615	23.077520	0.000113	-0.010615
74.000000	-0.008975	16.495332	0.000081	-0.008975
73.900000	-0.015566	49.625703	0.000242	-0.015566
73.800000	-0.012900	34.082832	0.000166	-0.012900
73.700000	-0.014443	42.723457	0.000209	-0.014443
73.600000	-0.010078	20.801250	0.000102	-0.010078
73.500000	-0.015986	52.339238	0.000256	-0.015986
73.400000	-0.015088	46.621582	0.000228	-0.015088
73.300000	-0.015938	52.020000	0.000254	-0.015938
73.200000	-0.011436	26.782051	0.000131	-0.011436
73.100000	-0.016709	57.178145	0.000279	-0.016709
73.000000	-0.011523	27.195313	0.000133	-0.011523
72.900000	-0.016953	58.861250	0.000287	-0.016953
72.800000	-0.014951	45.780488	0.000224	-0.014951
72.700000	-0.012119	30.079707	0.000147	-0.012119
72.600000	-0.013008	34.652813	0.000169	-0.013008
72.500000	-0.013242	35.912813	0.000175	-0.013242
72.400000	-0.013945	39.827813	0.000194	-0.013945
72.300000	-0.019580	78.516113	0.000383	-0.019580
72.200000	-0.012812	33.620000	0.000164	-0.012812
72.100000	-0.017744	64.482207	0.000315	-0.017744
72.000000	-0.014131	40.894707	0.000200	-0.014131
71.900000	-0.011660	27.844453	0.000136	-0.011660
71.800000	-0.010156	21.125000	0.000103	-0.010156
71.700000	-0.014785	44.769453	0.000219	-0.014785
71.600000	-0.012500	32.000000	0.000156	-0.012500
71.500000	-0.013369	36.604707	0.000179	-0.013369
71.400000	-0.012920	34.186113	0.000167	-0.012920
71.300000	-0.015791	51.068145	0.000249	-0.015791
71.200000	-0.013125	35.280000	0.000172	-0.013125
71.100000	-0.013857	39.327363	0.000192	-0.013857
71.000000	-0.013350	36.497832	0.000178	-0.013350
70.900000	-0.014375	42.320000	0.000207	-0.014375
70.800000	-0.013750	38.720000	0.000189	-0.013750
70.700000	-0.016416	55.190645	0.000269	-0.016416
70.600000	-0.016006	52.467207	0.000256	-0.016006
70.500000	-0.010293	21.697578	0.000106	-0.010293
70.400000	-0.015820	51.257813	0.000250	-0.015820
70.300000	-0.018857	72.827363	0.000356	-0.018857
70.200000	-0.016563	56.180000	0.000274	-0.016563
70.100000	-0.012871	33.928203	0.000166	-0.012871
70.000000	-0.014004	40.163203	0.000196	-0.014004
69.900000	-0.015430	48.757813	0.000238	-0.015430
69.800000	-0.015098	46.681953	0.000228	-0.015098
69.700000	-0.015635	50.062520	0.000244	-0.015635
69.600000	-0.014482	42.954863	0.000210	-0.014482
69.500000	-0.017168	60.362578	0.000295	-0.017168
69.400000	-0.016729	57.311895	0.000280	-0.016729
69.300000	-0.019443	77.423457	0.000378	-0.019443
69.200000	-0.012559	32.300703	0.000158	-0.012559
69.100000	-0.015166	47.105645	0.000230	-0.015166
69.000000	-0.011963	29.309082	0.000143	-0.011963
68.900000	-0.015938	52.020000	0.000254	-0.015938
68.800000	-0.018320	68.737813	0.000336	-0.018320
68.700000	-0.015137	46.923828	0.000229	-0.015137
68.600000	-0.016143	53.367363	0.000261	-0.016143
68.500000	-0.013213	35.754082	0.000175	-0.013213
68.400000	-0.014678	44.121270	0.000215	-0.014678
68.300000	-0.013838	39.216582	0.000191	-0.013838
68.200000	-0.014033	40.331426	0.000197	-0.014033
68.100000	-0.013066	34.965703	0.000171	-0.013066
68.000000	-0.014365	42.262520	0.000206	-0.014365
67.900000	-0.012852	33.825313	0.000165	-0.012852
67.800000	-0.014434	42.665703	0.000208	-0.014434
67.700000	-0.015371	48.388203	0.000236	-0.015371
67.600000	-0.017881	65.479707	0.000320	-0.017881
67.500000	-0.011455	26.873613	0.000131	-0.011455
67.400000	-0.013848	39.271953	0.000192	-0.013848
67.300000	-0.016143	53.367363	0.000261	-0.016143
67.200000	-0.016387	54.993828	0.000269	-0.016387
67.100000	-0.019111	74.801738	0.000365	-0.019111
67.000000	-0.016035	52.659453	0.000257	-0.016035
66.900000	-0.015869	51.574707	0.000252	-0.015869
66.800000	-0.016738	57.378828	0.000280	-0.016738
66.700000	-0.016416	55.190645	0.000269	-0.016416
66.600000	-0.015742	50.752812	0.000248	-0.015742
66.500000	-0.016416	55.190645	0.000269	-0.016416
66.400000	-0.014189	41.234551	0.000201	-0.014189
66.300000	-0.017256	60.982207	0.000298	-0.017256
66.200000	-0.017588	63.351582	0.000309	-0.017588
66.100000	-0.014600	43.652832	0.000213	-0.014600
66.000000	-0.012188	30.420000	0.000149	-0.012188
65.900000	-0.017285	61.189453	0.000299	-0.017285
65.800000	-0.015400	48.572832	0.000237	-0.015400
65.700000	-0.017373	61.813301	0.000302	-0.017373
65.600000	-0.014834	45.065645	0.000220	-0.014834
65.500000	-0.015996	52.403203	0.000256	-0.015996
65.400000	-0.013799	38.995488	0.000190	-0.013799
65.300000	-0.014541	43.303145	0.000211	-0.014541
65.200000	-0.016045	52.723613	0.000257	-0.016045
65.100000	-0.014424	42.607988	0.000208	-0.014424
65.000000	-0.015234	47.531250	0.000232	-0.015234
64.900000	-0.015273	47.775312	0.000233	-0.015273
64.800000	-0.014922	45.601250	0.000223	-0.014922
64.700000	-0.012334	31.155645	0.000152	-0.012334
64.600000	-0.012686	32.957051	0.000161	-0.012686
64.500000	-0.019111	74.801738	0.000365	-0.019111
64.400000	-0.013965	39.939453	0.000195	-0.013965
64.300000	-0.015996	52.403203	0.000256	-0.015996
64.200000	-0.014043	40.387578	0.000197	-0.014043
64.100000	-0.018877	72.978301	0.000356	-0.018877
64.000000	-0.016182	53.625957	0.000262	-0.016182
63.900000	-0.019609	78.751250	0.000385	-0.019609
63.800000	-0.018242	68.152812	0.000333	-0.018242
63.700000	-0.021504	94.703203	0.000462	-0.021504
63.600000	-0.017637	63.703828	0.000311	-0.017637
63.500000	-0.010381	22.069707	0.000108	-0.010381
63.400000	-0.013760	38.775020	0.000189	-0.013760
63.300000	-0.012158	30.273926	0.000148	-0.012158
63.200000	-0.014316	41.975703	0.000205	-0.014316
63.100000	-0.016221	53.885176	0.000263	-0.016221
63.000000	-0.015430	48.757813	0.000238	-0.015430
62.900000	-0.018428	69.546270	0.000340	-0.018428
62.800000	-0.016582	56.312578	0.000275	-0.016582
62.700000	-0.015508	49.252812	0.000240	-0.015508
62.600000	-0.017305	61.327813	0.000299	-0.017305
62.500000	-0.014580	43.536113	0.000213	-0.014580
62.400000	-0.019912	81.201582	0.000396	-0.019912
62.300000	-0.018252	68.225801	0.000333	-0.018252
62.200000	-0.018145	67.425078	0.000329	-0.018145
62.100000	-0.014668	44.062578	0.000215	-0.014668
62.000000	-0.017002	59.200801	0.000289	-0.017002
61.900000	-0.018955	73.583613	0.000359	-0.018955
61.800000	-0.013809	39.050703	0.000191	-0.013809
61.700000	-0.016963	58.929082	0.000288	-0.016963
61.600000	-0.017090	59.814453	0.000292	-0.017090
61.500000	-0.016641	56.711250	0.000277	-0.016641
61.400000	-0.011670	27.891113	0.000136	-0.011670
61.300000	-0.015098	46.681953	0.000228	-0.015098
61.200000	-0.015068	46.500957	0.000227	-0.015068
61.100000	-0.014229	41.461895	0.000202	-0.014229
61.000000	-0.015078	46.561250	0.000227	-0.015078
60.900000	-0.015010	46.140020	0.000225	-0.015010
60.800000	-0.020947	89.863770	0.000439	-0.020947
60.700000	-0.019531	78.125000	0.000381	-0.019531
60.600000	-0.017520	62.860078	0.000307	-0.017520
60.500000	-0.014727	44.415312	0.000217	-0.014727
60.400000	-0.018613	70.953828	0.000346	-0.018613
60.300000	-0.016680	56.977812	0.000278	-0.016680
60.200000	-0.020508	86.132813	0.000421	-0.020508
60.100000	-0.014775	44.710332	0.000218	-0.014775
60.000000	-0.016475	55.585332	0.000271	-0.016475
59.900000	-0.017588	63.351582	0.000309	-0.017588
59.800000	-0.018008	66.412813	0.000324	-0.018008
59.700000	-0.013945	39.827813	0.000194	-0.013945
59.600000	-0.015313	48.020000	0.000234	-0.015313
59.500000	-0.017266	61.051250	0.000298	-0.017266
59.400000	-0.019111	74.801738	0.000365	-0.019111
59.300000	-0.016426	55.256328	0.000270	-0.016426
59.200000	-0.014199	41.291328	0.000202	-0.014199
59.100000	-0.020234	83.851250	0.000409	-0.020234
59.000000	-0.017783	64.766426	0.000316	-0.017783
58.900000	-0.016680	56.977812	0.000278	-0.016680
58.800000	-0.017529	62.930176	0.000307	-0.017529
58.700000	-0.018184	67.715703	0.000331	-0.018184
58.600000	-0.019561	78.359551	0.000383	-0.019561
58.500000	-0.020508	86.132813	0.000421	-0.020508
58.400000	-0.012891	34.031250	0.000166	-0.012891
58.300000	-0.017314	61.397051	0.000300	-0.017314
58.200000	-0.017275	61.120332	0.000298	-0.017275
58.100000	-0.014141	40.951250	0.000200	-0.014141
58.000000	-0.018047	66.701250	0.000326	-0.018047
57.900000	-0.012578	32.401250	0.000158	-0.012578
57.800000	-0.020938	89.780000	0.000438	-0.020938
57.700000	-0.017725	64.340332	0.000314	-0.017725
57.600000	-0.017891	65.551250	0.000320	-0.017891
57.500000	-0.014736	44.474238	0.000217	-0.014736
57.400000	-0.018711	71.700312	0.000350	-0.018711
57.300000	-0.015176	47.166328	0.000230	-0.015176
57.200000	-0.016963	58.929082	0.000288	-0.016963
57.100000	-0.019385	76.957520	0.000376	-0.019385
57.000000	-0.018193	67.788457	0.000331	-0.018193
56.900000	-0.021895	98.175078	0.000479	-0.021895
56.800000	-0.015264	47.714238	0.000233	-0.015264
56.700000	-0.015039	46.320313	0.000226	-0.015039
56.600000	-0.017822	65.051270	0.000318	-0.017822
56.500000	-0.015625	50.000000	0.000244	-0.015625
56.400000	-0.019658	79.143926	0.000386	-0.019658
56.300000	-0.019365	76.802520	0.000375	-0.019365
56.200000	-0.020879	89.278203	0.000436	-0.020879
56.100000	-0.016367	54.862812	0.000268	-0.016367
56.000000	-0.017988	66.268828	0.000324	-0.017988
55.900000	-0.017637	63.703828	0.000311	-0.017637
55.800000	-0.016152	53.431953	0.000261	-0.016152
55.700000	-0.019629	78.908203	0.000385	-0.019629
55.600000	-0.016250	54.080000	0.000264	-0.016250
55.500000	-0.019346	76.647676	0.000374	-0.019346
55.400000	-0.016885	58.387520	0.000285	-0.016885
55.300000	-0.017764	64.624238	0.000316	-0.017764
55.200000	-0.019463	77.579082	0.000379	-0.019463
55.100000	-0.018623	71.028301	0.000347	-0.018623
55.000000	-0.015879	51.638203	0.000252	-0.015879
54.900000	-0.016445	55.387813	0.000270	-0.016445
54.800000	-0.016904	58.522676	0.000286	-0.016904
54.700000	-0.021094	91.125000	0.000445	-0.021094
54.600000	-0.015205	47.348613	0.000231	-0.015205
54.500000	-0.018398	69.325312	0.000339	-0.018398
54.400000	-0.020400	85.232832	0.000416	-0.020400
54.300000	-0.020156	83.205000	0.000406	-0.020156
54.200000	-0.018623	71.028301	0.000347	-0.018623
54.100000	-0.017393	61.952363	0.000303	-0.017393
54.000000	-0.017021	59.336895	0.000290	-0.017021
53.900000	-0.021826	97.562988	0.000476	-0.021826
53.800000	-0.018291	68.518145	0.000335	-0.018291
53.700000	-0.018496	70.063203	0.000342	-0.018496
53.600000	-0.022520	103.860078	0.000507	-0.022520
53.500000	-0.019141	75.031250	0.000366	-0.019141
53.400000	-0.018223	68.006953	0.000332	-0.018223
53.300000	-0.019189	75.414551	0.000368	-0.019189
53.200000	-0.019014	74.039238	0.000362	-0.019014
53.100000	-0.014482	42.954863	0.000210	-0.014482
53.000000	-0.019443	77.423457	0.000378	-0.019443
52.900000	-0.021885	98.087520	0.000479	-0.021885
52.800000	-0.016582	56.312578	0.000275	-0.016582
52.700000	-0.016641	56.711250	0.000277	-0.016641
52.600000	-0.015137	46.923828	0.000229	-0.015137
52.500000	-0.018311	68.664551	0.000335	-0.018311
52.400000	-0.021445	94.187813	0.000460	-0.021445
52.300000	-0.021582	95.392578	0.000466	-0.021582
52.200000	-0.022178	100.731270	0.000492	-0.022178
52.100000	-0.018984	73.811250	0.000360	-0.018984
52.000000	-0.015928	51.956270	0.000254	-0.015928
51.900000	-0.017051	59.541328	0.000291	-0.017051
51.800000	-0.019180	75.337812	0.000368	-0.019180
51.700000	-0.021152	91.631953	0.000447	-0.021152
51.600000	-0.018184	67.715703	0.000331	-0.018184
51.500000	-0.018672	71.401250	0.000349	-0.018672
51.400000	-0.017852	65.265312	0.000319	-0.017852
51.300000	-0.014746	44.533203	0.000217	-0.014746
51.200000	-0.019775	80.090332	0.000391	-0.019775
51.100000	-0.017871	65.408203	0.000319	-0.017871
51.000000	-0.019121	74.878203	0.000366	-0.019121
50.900000	-0.021035	90.619453	0.000442	-0.021035
50.800000	-0.021055	90.787813	0.000443	-0.021055
50.700000	-0.021240	92.395020	0.000451	-0.021240
50.600000	-0.017705	64.198613	0.000313	-0.017705
50.500000	-0.020674	87.532988	0.000427	-0.020674
50.400000	-0.021113	91.293828	0.000446	-0.021113
50.300000	-0.020508	86.132813	0.000421	-0.020508
50.200000	-0.019570	78.437813	0.000383	-0.019570
50.100000	-0.019111	74.801738	0.000365	-0.019111
50.000000	-0.019453	77.501250	0.000378	-0.019453
49.900000	-0.019971	81.680176	0.000399	-0.019971
49.800000	-0.020625	87.120000	0.000425	-0.020625
49.700000	-0.019424	77.267988	0.000377	-0.019424
49.600000	-0.015244	47.592207	0.000232	-0.015244
49.500000	-0.017441	62.300703	0.000304	-0.017441
49.400000	-0.024014	118.099238	0.000577	-0.024014
49.300000	-0.022187	100.820000	0.000492	-0.022187
49.200000	-0.021182	91.885957	0.000449	-0.021182
49.100000	-0.022227	101.175313	0.000494	-0.022227
49.000000	-0.020332	84.662578	0.000413	-0.020332
48.900000	-0.016240	54.015020	0.000264	-0.016240
48.800000	-0.019756	79.932207	0.000390	-0.019756
48.700000	-0.018936	73.432051	0.000359	-0.018936
48.600000	-0.020771	88.361895	0.000431	-0.020771
48.500000	-0.022021	99.316895	0.000485	-0.022021
48.400000	-0.021025	90.535332	0.000442	-0.021025
48.300000	-0.019521	78.046895	0.000381	-0.019521
48.200000	-0.021338	93.246582	0.000455	-0.021338
48.100000	-0.020244	83.932207	0.000410	-0.020244
48.000000	-0.021299	92.905488	0.000454	-0.021299
47.900000	-0.022461	103.320313	0.000504	-0.022461
47.800000	-0.021484	94.531250	0.000462	-0.021484
47.700000	-0.020498	86.050801	0.000420	-0.020498
47.600000	-0.017275	61.120332	0.000298	-0.017275
47.500000	-0.021523	94.875313	0.000463	-0.021523
47.400000	-0.021553	95.133770	0.000465	-0.021553
47.300000	-0.022705	105.578613	0.000516	-0.022705
47.200000	-0.021152	91.631953	0.000447	-0.021152
47.100000	-0.020469	85.805000	0.000419	-0.020469
47.000000	-0.023027	108.596953	0.000530	-0.023027
46.900000	-0.016855	58.185078	0.000284	-0.016855
46.800000	-0.020059	82.400703	0.000402	-0.020059
46.700000	-0.020703	87.781250	0.000429	-0.020703
46.600000	-0.023906	117.045000	0.000572	-0.023906
46.500000	-0.017041	59.473145	0.000290	-0.017041
46.400000	-0.023223	110.446953	0.000539	-0.023223
46.300000	-0.023936	117.332051	0.000573	-0.023936
46.200000	-0.022148	100.465313	0.000491	-0.022148
46.100000	-0.020488	85.968828	0.000420	-0.020488
46.000000	-0.020859	89.111250	0.000435	-0.020859
45.900000	-0.025313	131.220000	0.000641	-0.025313
45.800000	-0.023350	111.657832	0.000545	-0.023350
45.700000	-0.023955	117.523613	0.000574	-0.023955
45.600000	-0.025225	130.310332	0.000636	-0.025225
45.500000	-0.023867	116.662813	0.000570	-0.023867
45.400000	-0.023926	117.236328	0.000572	-0.023926
45.300000	-0.020703	87.781250	0.000429	-0.020703
45.200000	-0.023174	109.982988	0.000537	-0.023174
45.100000	-0.017773	64.695313	0.000316	-0.017773
45.000000	-0.025039	128.400313	0.000627	-0.025039
44.900000	-0.021113	91.293828	0.000446	-0.021113
44.800000	-0.021104	91.209395	0.000445	-0.021104
44.700000	-0.022393	102.692363	0.000501	-0.022393
44.600000	-0.024854	126.504395	0.000618	-0.024854
44.500000	-0.019873	80.883301	0.000395	-0.019873
44.400000	-0.021787	97.214082	0.000475	-0.021787
44.300000	-0.026240	141.015020	0.000689	-0.026240
44.200000	-0.019453	77.501250	0.000378	-0.019453
44.100000	-0.025937	137.780000	0.000673	-0.025937
44.000000	-0.022324	102.066328	0.000498	-0.022324
43.900000	-0.019814	80.407051	0.000393	-0.019814
43.800000	-0.020225	83.770332	0.000409	-0.020225
43.700000	-0.022031	99.405000	0.000485	-0.022031
43.600000	-0.024824	126.206328	0.000616	-0.024824
43.500000	-0.023740	115.425020	0.000564	-0.023740
43.400000	-0.020430	85.477812	0.000417	-0.020430
43.300000	-0.023916	117.140645	0.000572	-0.023916
43.200000	-0.020967	90.031426	0.000440	-0.020967
43.100000	-0.024463	122.559082	0.000598	-0.024463
43.000000	-0.020166	83.285645	0.000407	-0.020166
42.900000	-0.021436	94.102051	0.000459	-0.021436
42.800000	-0.025840	136.744453	0.000668	-0.025840
42.700000	-0.022373	102.513301	0.000501	-0.022373
42.600000	-0.022207	100.997578	0.000493	-0.022207
42.500000	-0.022119	100.199707	0.000489	-0.022119
42.400000	-0.024678	124.721270	0.000609	-0.024678
42.300000	-0.022393	102.692363	0.000501	-0.022393
42.200000	-0.022500	103.680000	0.000506	-0.022500
42.100000	-0.028037	160.989082	0.000786	-0.028037
42.000000	-0.018740	71.925020	0.000351	-0.018740
41.900000	-0.025713	135.404082	0.000661	-0.025713
41.800000	-0.023457	112.687578	0.000550	-0.023457
41.700000	-0.024453	122.461250	0.000598	-0.024453
41.600000	-0.022998	108.320801	0.000529	-0.022998
41.500000	-0.022793	106.397578	0.000520	-0.022793
41.400000	-0.025088	128.901582	0.000629	-0.025088
41.300000	-0.025820	136.537813	0.000667	-0.025820
41.200000	-0.026611	145.031738	0.000708	-0.026611
41.100000	-0.023086	109.150313	0.000533	-0.023086
41.000000	-0.024355	121.485078	0.000593	-0.024355
40.900000	-0.025537	133.559082	0.000652	-0.025537
40.800000	-0.024424	122.167988	0.000597	-0.024424
40.700000	-0.028418	165.392578	0.000808	-0.028418
40.600000	-0.021182	91.885957	0.000449	-0.021182
40.500000	-0.023086	109.150313	0.000533	-0.023086
40.400000	-0.024785	125.809453	0.000614	-0.024785
40.300000	-0.023242	110.632813	0.000540	-0.023242
40.200000	-0.026230	140.910078	0.000688	-0.026230
40.100000	-0.021631	95.824707	0.000468	-0.021631
40.000000	-0.025586	134.070313	0.000655	-0.025586
39.900000	-0.022148	100.465313	0.000491	-0.022148
39.800000	-0.028203	162.901250	0.000795	-0.028203
39.700000	-0.023555	113.627813	0.000555	-0.023555
39.600000	-0.022881	107.219707	0.000524	-0.022881
39.500000	-0.024570	123.637813	0.000604	-0.024570
39.400000	-0.026689	145.884551	0.000712	-0.026689
39.300000	-0.026777	146.846953	0.000717	-0.026777
39.200000	-0.024951	127.500488	0.000623	-0.024951
39.100000	-0.026895	148.135078	0.000723	-0.026895
39.000000	-0.028184	162.675703	0.000794	-0.028184
38.900000	-0.027520	155.100078	0.000757	-0.027520
38.800000	-0.027139	150.836738	0.000737	-0.027139
38.700000	-0.026689	145.884551	0.000712	-0.026689
38.600000	-0.022803	106.488770	0.000520	-0.022803
38.500000	-0.026260	141.225020	0.000690	-0.026260
38.400000	-0.021875	98.000000	0.000479	-0.021875
38.300000	-0.024434	122.265703	0.000597	-0.024434
38.200000	-0.026582	144.712578	0.000707	-0.026582
38.100000	-0.029355	176.485078	0.000862	-0.029355
38.000000	-0.024854	126.504395	0.000618	-0.024854
37.900000	-0.026758	146.632813	0.000716	-0.026758
37.800000	-0.023730	115.330078	0.000563	-0.023730
37.700000	-0.026074	139.236328	0.000680	-0.026074
37.600000	-0.023867	116.662813	0.000570	-0.023867
37.500000	-0.028027	160.876953	0.000786	-0.028027
37.400000	-0.030322	188.301270	0.000919	-0.030322
37.300000	-0.026494	143.757207	0.000702	-0.026494
37.200000	-0.027168	151.162578	0.000738	-0.027168
37.100000	-0.026973	148.996953	0.000728	-0.026973
37.000000	-0.026279	141.435176	0.000691	-0.026279
36.900000	-0.028652	168.131953	0.000821	-0.028652
36.800000	-0.028867	170.662813	0.000833	-0.028867
36.700000	-0.030957	196.267578	0.000958	-0.030957
36.600000	-0.027119	150.619707	0.000735	-0.027119
36.500000	-0.025889	137.261738	0.000670	-0.025889
36.400000	-0.025518	133.354863	0.000651	-0.025518
36.300000	-0.024229	120.221895	0.000587	-0.024229
36.200000	-0.026025	138.715332	0.000677	-0.026025
36.100000	-0.028740	169.165020	0.000826	-0.028740
36.000000	-0.022148	100.465313	0.000491	-0.022148
35.900000	-0.027539	155.320313	0.000758	-0.027539
35.800000	-0.028604	167.559395	0.000818	-0.028604
35.700000	-0.029551	178.841328	0.000873	-0.029551
35.600000	-0.030205	186.848613	0.000912	-0.030205
35.500000	-0.027969	160.205000	0.000782	-0.027969
35.400000	-0.030244	187.332207	0.000915	-0.030244
35.300000	-0.030586	191.590313	0.000935	-0.030586
35.200000	-0.030576	191.467988	0.000935	-0.030576
35.100000	-0.031719	206.045000	0.001006	-0.031719
35.000000	-0.029541	178.723145	0.000873	-0.029541
34.900000	-0.030879	195.278203	0.000954	-0.030879
34.800000	-0.032305	213.727813	0.001044	-0.032305
34.700000	-0.026592	144.818926	0.000707	-0.026592
34.600000	-0.029121	173.678203	0.000848	-0.029121
34.500000	-0.028682	168.475957	0.000823	-0.028682
34.400000	-0.030859	195.031250	0.000952	-0.030859
34.300000	-0.030205	186.848613	0.000912	-0.030205
34.200000	-0.031611	204.651738	0.000999	-0.031611
34.100000	-0.028350	164.597832	0.000804	-0.028350
34.000000	-0.030039	184.800312	0.000902	-0.030039
33.900000	-0.032949	222.341328	0.001086	-0.032949
33.800000	-0.026738	146.418828	0.000715	-0.026738
33.700000	-0.029941	183.600703	0.000896	-0.029941
33.600000	-0.036240	268.975020	0.001313	-0.036240
33.500000	-0.030723	193.306953	0.000944	-0.030723
33.400000	-0.032139	211.536738	0.001033	-0.032139
33.300000	-0.027275	152.360332	0.000744	-0.027275
33.200000	-0.032334	214.115645	0.001045	-0.032334
33.100000	-0.028203	162.901250	0.000795	-0.028203
33.000000	-0.034189	239.394551	0.001169	-0.034189
32.900000	-0.028193	162.788457	0.000795	-0.028193
32.800000	-0.032793	220.237578	0.001075	-0.032793
32.700000	-0.033047	223.661250	0.001092	-0.033047
32.600000	-0.031875	208.080000	0.001016	-0.031875
32.500000	-0.029736	181.094238	0.000884	-0.029736
32.400000	-0.031963	209.229082	0.001022	-0.031963
32.300000	-0.031689	205.664551	0.001004	-0.031689
32.200000	-0.032227	212.695313	0.001039	-0.032227
32.100000	-0.031826	207.442988	0.001013	-0.031826
32.000000	-0.032539	216.840313	0.001059	-0.032539
31.900000	-0.031572	204.146270	0.000997	-0.031572
31.800000	-0.029336	176.250313	0.000861	-0.029336
31.700000	-0.030869	195.154707	0.000953	-0.030869
31.600000	-0.036689	275.684551	0.001346	-0.036689
31.500000	-0.031621	204.778203	0.001000	-0.031621
31.400000	-0.029512	178.368828	0.000871	-0.029512
31.300000	-0.033057	223.793457	0.001093	-0.033057
31.200000	-0.031631	204.904707	0.001001	-0.031631
31.100000	-0.034473	243.376953	0.001188	-0.034473
31.000000	-0.030918	195.772578	0.000956	-0.030918
30.900000	-0.032490	216.190020	0.001056	-0.032490
30.800000	-0.034912	249.621582	0.001219	-0.034912
30.700000	-0.031885	208.207520	0.001017	-0.031885
30.600000	-0.033535	230.319453	0.001125	-0.033535
30.500000	-0.033115	224.587520	0.001097	-0.033115
30.400000	-0.035352	255.945313	0.001250	-0.035352
30.300000	-0.032813	220.500000	0.001077	-0.032813
30.200000	-0.029355	176.485078	0.000862	-0.029355
30.100000	-0.033350	227.777832	0.001112	-0.033350
30.000000	-0.037510	288.150020	0.001407	-0.037510
29.900000	-0.035889	263.781738	0.001288	-0.035889
29.800000	-0.034307	241.038457	0.001177	-0.034307
29.700000	-0.030527	190.856953	0.000932	-0.030527
29.600000	-0.030566	191.345703	0.000934	-0.030566
29.500000	-0.034131	238.574707	0.001165	-0.034131
29.400000	-0.036309	269.990703	0.001318	-0.036309
29.300000	-0.037842	293.273926	0.001432	-0.037842
29.200000	-0.033145	224.985078	0.001099	-0.033145
29.100000	-0.032451	215.670488	0.001053	-0.032451
29.000000	-0.031748	206.425801	0.001008	-0.031748
28.900000	-0.036924	279.217988	0.001363	-0.036924
28.800000	-0.034824	248.366328	0.001213	-0.034824
28.700000	-0.037461	287.400312	0.001403	-0.037461
28.600000	-0.042061	362.309551	0.001769	-0.042061
28.500000	-0.039238	315.318828	0.001540	-0.039238
28.400000	-0.035537	258.639082	0.001263	-0.035537
28.300000	-0.038242	299.512813	0.001462	-0.038242
28.200000	-0.034570	244.757813	0.001195	-0.034570
28.100000	-0.039434	318.465703	0.001555	-0.039434
28.000000	-0.034805	248.087813	0.001211	-0.034805
27.900000	-0.040742	339.952812	0.001660	-0.040742
27.800000	-0.036006	265.507207	0.001296	-0.036006
27.700000	-0.038828	308.761250	0.001508	-0.038828
27.600000	-0.031572	204.146270	0.000997	-0.031572
27.500000	-0.037461	287.400312	0.001403	-0.037461
27.400000	-0.034492	243.652813	0.001190	-0.034492
27.300000	-0.037949	294.941328	0.001440	-0.037949
27.200000	-0.037109	282.031250	0.001377	-0.037109
27.100000	-0.042324	366.866328	0.001791	-0.042324
27.000000	-0.039219	315.005000	0.001538	-0.039219
26.900000	-0.039463	318.939082	0.001557	-0.039463
26.800000	-0.041621	354.778203	0.001732	-0.041621
26.700000	-0.038145	297.985078	0.001455	-0.038145
26.600000	-0.041875	359.120000	0.001754	-0.041875
26.500000	-0.035146	252.984395	0.001235	-0.035146
26.400000	-0.040801	340.931328	0.001665	-0.040801
26.300000	-0.041846	358.617676	0.001751	-0.041846
26.200000	-0.034277	240.626953	0.001175	-0.034277
26.100000	-0.040400	334.272832	0.001632	-0.040400
26.000000	-0.040156	330.245000	0.001613	-0.040156
25.900000	-0.045244	419.232207	0.002047	-0.045244
25.800000	-0.040967	343.711426	0.001678	-0.040967
25.700000	-0.037754	291.913203	0.001425	-0.037754
25.600000	-0.037705	291.158613	0.001422	-0.037705
25.500000	-0.038994	311.407207	0.001521	-0.038994
25.400000	-0.042051	362.141328	0.001768	-0.042051
25.300000	-0.036807	277.448457	0.001355	-0.036807
25.200000	-0.040771	340.441895	0.001662	-0.040771
25.100000	-0.042598	371.621953	0.001815	-0.042598
25.000000	-0.044414	403.990313	0.001973	-0.044414
24.900000	-0.043027	379.156953	0.001851	-0.043027
24.800000	-0.039502	319.570801	0.001560	-0.039502
24.700000	-0.041416	351.290645	0.001715	-0.041416
24.600000	-0.038447	302.733770	0.001478	-0.038447
24.500000	-0.040127	329.763301	0.001610	-0.040127
24.400000	-0.041885	359.287520	0.001754	-0.041885
24.300000	-0.042236	365.344238	0.001784	-0.042236
24.200000	-0.040391	334.111250	0.001631	-0.040391
24.100000	-0.041846	358.617676	0.001751	-0.041846
24.000000	-0.042422	368.561250	0.001800	-0.042422
23.900000	-0.041152	346.831953	0.001694	-0.041152
23.800000	-0.044023	396.915313	0.001938	-0.044023
23.700000	-0.043047	379.501250	0.001853	-0.043047
23.600000	-0.046094	435.125000	0.002125	-0.046094
23.500000	-0.043691	390.950703	0.001909	-0.043691
23.400000	-0.042344	367.205000	0.001793	-0.042344
23.300000	-0.042012	361.468828	0.001765	-0.042012
23.200000	-0.041045	345.023613	0.001685	-0.041045
23.100000	-0.040059	328.640703	0.001605	-0.040059
23.000000	-0.044258	401.152812	0.001959	-0.044258
22.900000	-0.043760	392.175020	0.001915	-0.043760
22.800000	-0.043369	385.204707	0.001881	-0.043369
22.700000	-0.042939	377.609551	0.001844	-0.042939
22.600000	-0.041846	358.617676	0.001751	-0.041846
22.500000	-0.043516	387.811250	0.001894	-0.043516
22.400000	-0.045498	423.950801	0.002070	-0.045498
22.300000	-0.047363	459.423828	0.002243	-0.047363
22.200000	-0.040439	334.919551	0.001635	-0.040439
22.100000	-0.043809	393.050703	0.001919	-0.043809
22.000000	-0.046318	439.375957	0.002145	-0.046318
21.900000	-0.045908	431.628926	0.002108	-0.045908
21.800000	-0.045088	416.341582	0.002033	-0.045088
21.700000	-0.042646	372.474395	0.001819	-0.042646
21.600000	-0.043623	389.728301	0.001903	-0.043623
21.500000	-0.047148	455.265312	0.002223	-0.047148
21.400000	-0.045596	425.772676	0.002079	-0.045596
21.300000	-0.046855	449.625078	0.002195	-0.046855
21.200000	-0.046602	444.765312	0.002172	-0.046602
21.100000	-0.044473	405.056953	0.001978	-0.044473
21.000000	-0.046816	448.875703	0.002192	-0.046816
20.900000	-0.048359	478.951250	0.002339	-0.048359
20.800000	-0.047822	468.371270	0.002287	-0.047822
20.700000	-0.048174	475.282988	0.002321	-0.048174
20.600000	-0.048555	482.827812	0.002358	-0.048555
20.500000	-0.049570	503.237813	0.002457	-0.049570
20.400000	-0.044346	402.747676	0.001967	-0.044346
20.300000	-0.049600	503.832832	0.002460	-0.049600
20.200000	-0.045771	429.061895	0.002095	-0.045771
20.100000	-0.050010	512.200020	0.002501	-0.050010
20.000000	-0.046719	447.005000	0.002183	-0.046719
19.900000	-0.051865	550.912520	0.002690	-0.051865
19.800000	-0.048086	473.550313	0.002312	-0.048086
19.700000	-0.053232	580.339863	0.002834	-0.053232
19.600000	-0.050234	516.811250	0.002523	-0.050234
19.500000	-0.049082	493.372578	0.002409	-0.049082
19.400000	-0.052187	557.780000	0.002724	-0.052187
19.300000	-0.052969	574.605000	0.002806	-0.052969
19.200000	-0.050635	525.082520	0.002564	-0.050635
19.100000	-0.053115	577.787520	0.002821	-0.053115
19.000000	-0.051572	544.706270	0.002660	-0.051572
18.900000	-0.052793	570.797578	0.002787	-0.052793
18.800000	-0.057930	687.277812	0.003356	-0.057930
18.700000	-0.054365	605.302520	0.002956	-0.054365
18.600000	-0.052021	554.236895	0.002706	-0.052021
18.500000	-0.051367	540.382813	0.002639	-0.051367
18.400000	-0.048770	487.110078	0.002378	-0.048770
18.300000	-0.057100	667.722832	0.003260	-0.057100
18.200000	-0.054912	617.541582	0.003015	-0.054912
18.100000	-0.054521	608.786895	0.002973	-0.054521
18.000000	-0.052207	558.197578	0.002726	-0.052207
17.900000	-0.048760	486.915020	0.002378	-0.048760
17.800000	-0.056230	647.550078	0.003162	-0.056230
17.700000	-0.057188	669.780000	0.003270	-0.057188
17.600000	-0.058496	700.783203	0.003422	-0.058496
17.500000	-0.055635	633.902520	0.003095	-0.055635
17.400000	-0.055293	626.137578	0.003057	-0.055293
17.300000	-0.054424	606.607988	0.002962	-0.054424
17.200000	-0.060889	759.281738	0.003707	-0.060889
17.100000	-0.058428	699.146270	0.003414	-0.058428
17.000000	-0.055996	642.163203	0.003136	-0.055996
16.900000	-0.060088	739.441582	0.003611	-0.060088
16.800000	-0.060791	756.848145	0.003696	-0.060791
16.700000	-0.057676	681.266328	0.003326	-0.057676
16.600000	-0.059482	724.614863	0.003538	-0.059482
16.500000	-0.061846	783.337676	0.003825	-0.061846
16.400000	-0.061621	777.658203	0.003797	-0.061621
16.300000	-0.062773	807.015313	0.003941	-0.062773
16.200000	-0.060703	754.661250	0.003685	-0.060703
16.100000	-0.064590	854.394453	0.004172	-0.064590
16.000000	-0.062070	789.037812	0.003853	-0.062070
15.900000	-0.063437	824.180000	0.004024	-0.063437
15.800000	-0.062744	806.262207	0.003937	-0.062744
15.700000	-0.063643	829.517363	0.004050	-0.063643
15.600000	-0.067607	936.092363	0.004571	-0.067607
15.500000	-0.061719	780.125000	0.003809	-0.061719
15.400000	-0.061738	780.618828	0.003812	-0.061738
15.300000	-0.062451	798.750488	0.003900	-0.062451
15.200000	-0.063711	831.300313	0.004059	-0.063711
15.100000	-0.067256	926.382207	0.004523	-0.067256
15.000000	-0.068350	956.757832	0.004672	-0.068350
14.900000	-0.065947	890.683770	0.004349	-0.065947
14.800000	-0.069443	987.623457	0.004822	-0.069443
14.700000	-0.067051	920.741328	0.004496	-0.067051
14.600000	-0.069062	976.820000	0.004770	-0.069062
14.500000	-0.065078	867.361250	0.004235	-0.065078
14.400000	-0.069189	980.414551	0.004787	-0.069189
14.300000	-0.071191	1037.970703	0.005068	-0.071191
14.200000	-0.069648	993.465312	0.004851	-0.069648
14.100000	-0.070234	1010.251250	0.004933	-0.070234
14.000000	-0.075078	1154.401250	0.005637	-0.075078
13.900000	-0.073125	1095.120000	0.005347	-0.073125
13.800000	-0.073828	1116.281250	0.005451	-0.073828
13.700000	-0.075166	1157.105645	0.005650	-0.075166
13.600000	-0.073027	1092.196953	0.005333	-0.073027
13.500000	-0.074131	1125.454707	0.005495	-0.074131
13.400000	-0.076885	1210.627520	0.005911	-0.076885
13.300000	-0.072617	1079.962812	0.005273	-0.072617
13.200000	-0.080420	1324.516113	0.006467	-0.080420
13.100000	-0.077773	1238.775312	0.006049	-0.077773
13.000000	-0.074482	1136.154863	0.005548	-0.074482
12.900000	-0.075469	1166.445000	0.005696	-0.075469
12.800000	-0.078232	1253.439863	0.006120	-0.078232
12.700000	-0.077529	1231.010176	0.006011	-0.077529
12.600000	-0.079180	1283.977813	0.006269	-0.079180
12.500000	-0.076729	1205.711895	0.005887	-0.076729
12.400000	-0.081016	1344.211250	0.006564	-0.081016
12.300000	-0.080996	1343.563203	0.006560	-0.080996
12.200000	-0.087188	1556.820000	0.007602	-0.087188
12.100000	-0.073730	1113.330078	0.005436	-0.073730
12.000000	-0.079473	1293.496953	0.006316	-0.079473
11.900000	-0.077451	1228.530488	0.005999	-0.077451
11.800000	-0.084717	1469.836426	0.007177	-0.084717
11.700000	-0.085566	1499.465703	0.007322	-0.085566
11.600000	-0.089141	1627.351250	0.007946	-0.089141
11.500000	-0.092344	1746.405000	0.008527	-0.092344
11.400000	-0.092598	1756.021953	0.008574	-0.092598
11.300000	-0.085850	1509.407832	0.007370	-0.085850
11.200000	-0.088418	1601.072578	0.007818	-0.088418
11.100000	-0.092832	1764.922578	0.008618	-0.092832
11.000000	-0.092402	1748.621953	0.008538	-0.092402
10.900000	-0.092539	1753.800313	0.008563	-0.092539
10.800000	-0.088867	1617.382813	0.007897	-0.088867
10.700000	-0.091230	1704.550078	0.008323	-0.091230
10.600000	-0.094385	1824.457520	0.008908	-0.094385
10.500000	-0.099277	2018.506953	0.009856	-0.099277
10.400000	-0.098701	1995.145488	0.009742	-0.098701
10.300000	-0.094326	1822.192988	0.008897	-0.094326
10.200000	-0.094814	1841.107051	0.008990	-0.094814
10.100000	-0.101748	2120.225801	0.010353	-0.101748
10.000000	-0.103271	2184.191895	0.010665	-0.103271
9.900000	-0.097588	1950.391582	0.009523	-0.097588
9.800000	-0.099922	2044.801250	0.009984	-0.099922
9.700000	-0.101709	2118.598145	0.010345	-0.101709
9.600000	-0.105078	2261.281250	0.011041	-0.105078
9.500000	-0.106846	2337.997676	0.011416	-0.106846
9.400000	-0.106748	2333.725801	0.011395	-0.106748
9.300000	-0.109209	2442.568145	0.011927	-0.109209
9.200000	-0.112070	2572.237813	0.012560	-0.112070
9.100000	-0.108164	2396.050313	0.011699	-0.108164
9.000000	-0.109795	2468.848613	0.012055	-0.109795
8.900000	-0.113760	2650.375020	0.012941	-0.113760
8.800000	-0.115801	2746.331328	0.013410	-0.115801
8.700000	-0.115566	2735.225703	0.013356	-0.115566
8.600000	-0.119941	2946.240703	0.014386	-0.119941
8.500000	-0.116006	2756.067207	0.013457	-0.116006
8.400000	-0.118184	2860.515703	0.013967	-0.118184
8.300000	-0.119434	2921.345703	0.014264	-0.119434
8.200000	-0.120498	2973.650801	0.014520	-0.120498
8.100000	-0.125986	3250.699238	0.015873	-0.125986
8.000000	-0.121484	3022.531250	0.014758	-0.121484
7.900000	-0.127383	3323.162813	0.016226	-0.127383
7.800000	-0.130508	3488.212812	0.017032	-0.130508
7.700000	-0.128418	3377.392578	0.016491	-0.128418
7.600000	-0.129766	3448.651250	0.016839	-0.129766
7.500000	-0.135508	3760.612813	0.018362	-0.135508
7.400000	-0.136699	3827.031328	0.018687	-0.136699
7.300000	-0.133525	3651.385332	0.017829	-0.133525
7.200000	-0.138408	3923.318926	0.019157	-0.138408
7.100000	-0.140059	4017.440703	0.019616	-0.140059
7.000000	-0.141865	4121.752520	0.020126	-0.141865
6.900000	-0.145508	4336.132813	0.021173	-0.145508
6.800000	-0.147402	4449.781953	0.021727	-0.147402
6.700000	-0.147002	4425.640801	0.021610	-0.147002
6.600000	-0.152461	4760.440312	0.023244	-0.152461
6.500000	-0.154736	4903.594238	0.023943	-0.154736
6.400000	-0.152451	4759.830488	0.023241	-0.152451
6.300000	-0.157549	5083.470488	0.024822	-0.157549
6.200000	-0.155010	4920.940020	0.024028	-0.155010
6.100000	-0.162578	5413.201250	0.026432	-0.162578
6.000000	-0.165986	5642.539238	0.027551	-0.165986
5.900000	-0.170000	5918.720000	0.028900	-0.170000
5.800000	-0.170879	5980.078203	0.029200	-0.170879
5.700000	-0.174404	6229.372676	0.030417	-0.174404
5.600000	-0.177676	6465.266328	0.031569	-0.177676
5.500000	-0.179590	6605.314453	0.032253	-0.179590
5.400000	-0.181836	6771.570313	0.033064	-0.181836
5.300000	-0.184502	6971.590801	0.034041	-0.184502
5.200000	-0.189795	7377.328613	0.036022	-0.189795
5.100000	-0.193193	7643.888457	0.037324	-0.193193
5.000000	-0.198486	8068.469238	0.039397	-0.198486
4.900000	-0.200186	8207.207051	0.040074	-0.200186
4.800000	-0.203047	8443.501250	0.041228	-0.203047
4.700000	-0.209688	9004.820000	0.043969	-0.209688
4.600000	-0.212217	9223.366426	0.045036	-0.212217
4.500000	-0.214492	9422.212812	0.046007	-0.214492
4.400000	-0.222344	10124.645000	0.049437	-0.222344
4.300000	-0.229170	10755.861113	0.052519	-0.229170
4.200000	-0.231895	11013.135078	0.053775	-0.231895
4.100000	-0.238555	11654.827813	0.056908	-0.238555
4.000000	-0.247275	12522.520332	0.061145	-0.247275
3.900000	-0.250225	12823.010332	0.062612	-0.250225
3.800000	-0.258877	13725.138301	0.067017	-0.258877
3.700000	-0.264082	14282.612578	0.069739	-0.264082
3.600000	-0.271494	15095.617207	0.073709	-0.271494
3.500000	-0.279795	16032.808613	0.078285	-0.279795
3.400000	-0.283945	16511.987813	0.080625	-0.283945
3.300000	-0.294326	17741.392988	0.086628	-0.294326
3.200000	-0.303398	18851.965313	0.092051	-0.303398
3.100000	-0.312490	19998.750020	0.097650	-0.312490
3.000000	-0.320098	20984.321953	0.102463	-0.320098
2.900000	-0.331689	22531.664551	0.110018	-0.331689
2.800000	-0.342891	24079.151250	0.117574	-0.342891
2.700000	-0.355000	25809.920000	0.126025	-0.355000
2.600000	-0.368545	27817.033613	0.135825	-0.368545
2.500000	-0.379658	29519.943926	0.144140	-0.379658
2.400000	-0.396104	32132.709395	0.156898	-0.396104
2.300000	-0.406787	33889.434082	0.165476	-0.406787
2.200000	-0.428369	37580.824707	0.183500	-0.428369
2.100000	-0.445352	40619.625313	0.198338	-0.445352
2.000000	-0.466064	44485.852051	0.217216	-0.466064
1.900000	-0.481816	47543.715703	0.232147	-0.481816
1.800000	-0.506563	52552.820000	0.256606	-0.506563
1.700000	-0.525498	56555.150801	0.276148	-0.525498
1.600000	-0.555166	63121.265645	0.308209	-0.555166
1.500000	-0.583691	69774.470703	0.340696	-0.583691
1.400000	-0.613760	77148.375020	0.376701	-0.613760
1.300000	-0.648125	86029.520000	0.420066	-0.648125
1.200000	-0.683281	95615.645000	0.466873	-0.683281
1.100000	-0.719824	106116.486328	0.518147	-0.719824
1.000000	-0.760098	118322.881953	0.577748	-0.760098
0.900000	-0.803965	132374.419453	0.646359	-0.803965
0.800000	-0.850430	148117.637813	0.723231	-0.850430
0.700000	-0.890156	162279.045000	0.792378	-0.890156
0.600000	-0.931357	177648.977363	0.867427	-0.931357
0.500000	-0.964600	190556.652832	0.930452	-0.964600
0.400000	-0.987393	199668.552363	0.974944	-0.987393
0.300000	-0.997207	203657.597578	0.994422	-0.997207
0.200000	-0.999863	204744.003828	0.999727	-0.999863
0.100000	-0.999961	204784.000312	0.999922	-0.999961
