100.000000	0.007881	12.719707	0.000062	-0.007881
99.900000	0.011914	29.070313	0.000142	-0.011914
99.800000	0.009854	19.884395	0.000097	-0.009854
99.700000	0.005928	7.196270	0.000035	-0.005928
99.600000	0.013467	37.141426	0.000181	-0.013467
99.500000	0.005791	6.868145	0.000034	-0.005791
99.400000	0.010000	20.480000	0.000100	-0.010000
99.300000	0.009805	19.687813	0.000096	-0.009805
99.200000	0.008740	15.645020	0.000076	-0.008740
99.100000	0.012441	31.700703	0.000155	-0.012441
99.000000	0.014863	45.243828	0.000221	-0.014863
98.900000	0.010693	23.418457	0.000114	-0.010693
98.800000	0.006699	9.191328	0.000045	-0.006699
98.700000	0.012031	29.645000	0.000145	-0.012031
98.600000	0.008994	16.567207	0.000081	-0.008994
98.500000	0.006953	9.901250	0.000048	-0.006953
98.400000	0.011699	28.031328	0.000137	-0.011699
98.300000	0.011025	24.895332	0.000122	-0.011025
98.200000	0.007432	11.310957	0.000055	-0.007432
98.100000	0.015801	51.131328	0.000250	-0.015801
98.000000	0.012812	33.620000	0.000164	-0.012812
97.900000	0.011016	24.851250	0.000121	-0.011016
97.800000	0.010703	23.461250	0.000115	-0.010703
97.700000	0.013682	38.335957	0.000187	-0.013682
97.600000	0.012402	31.501953	0.000154	-0.012402
97.500000	0.008994	16.567207	0.000081	-0.008994
97.400000	0.008555	14.987813	0.000073	-0.008555
97.300000	0.006875	9.680000	0.000047	-0.006875
97.200000	0.010225	21.410332	0.000105	-0.010225
97.100000	0.011055	25.027813	0.000122	-0.011055
97.000000	0.011289	26.100313	0.000127	-0.011289
96.900000	0.013477	37.195313	0.000182	-0.013477
96.800000	0.008945	16.387812	0.000080	-0.008945
96.700000	0.006562	8.820000	0.000043	-0.006562
96.600000	0.013477	37.195313	0.000182	-0.013477
96.500000	0.007480	11.460078	0.000056	-0.007480
96.400000	0.011113	25.293828	0.000124	-0.011113
96.300000	0.011211	25.740313	0.000126	-0.011211
96.200000	0.016299	54.405488	0.000266	-0.016299
96.100000	0.009844	19.845000	0.000097	-0.009844
96.000000	0.010029	20.600176	0.000101	-0.010029
95.900000	0.006797	9.461250	0.000046	-0.006797
95.800000	0.011436	26.782051	0.000131	-0.011436
95.700000	0.010078	20.801250	0.000102	-0.010078
95.600000	0.011855	28.785078	0.000141	-0.011855
95.500000	0.011260	25.965020	0.000127	-0.011260
95.400000	0.008389	14.411738	0.000070	-0.008389
95.300000	0.006904	9.762676	0.000048	-0.006904
95.200000	0.008008	13.132813	0.000064	-0.008008
95.100000	0.005820	6.937812	0.000034	-0.005820
95.000000	0.011211	25.740313	0.000126	-0.011211
94.900000	0.009365	17.962520	0.000088	-0.009365
94.800000	0.011006	24.807207	0.000121	-0.011006
94.700000	0.011465	26.919453	0.000131	-0.011465
94.600000	0.008896	16.209395	0.000079	-0.008896
94.500000	0.013379	36.658203	0.000179	-0.013379
94.400000	0.007559	11.700703	0.000057	-0.007559
94.300000	0.013281	36.125000	0.000176	-0.013281
94.200000	0.010605	23.035078	0.000112	-0.010605
94.100000	0.010205	21.328613	0.000104	-0.010205
94.000000	0.009424	18.187988	0.000089	-0.009424
93.900000	0.013857	39.327363	0.000192	-0.013857
93.800000	0.015996	52.403203	0.000256	-0.015996
93.700000	0.008994	16.567207	0.000081	-0.008994
93.600000	0.009863	19.923828	0.000097	-0.009863
93.500000	0.011709	28.078145	0.000137	-0.011709
93.400000	0.008848	16.031953	0.000078	-0.008848
93.300000	0.013389	36.711738	0.000179	-0.013389
93.200000	0.012334	31.155645	0.000152	-0.012334
93.100000	0.012012	29.548828	0.000144	-0.012012
93.000000	0.011553	27.333770	0.000133	-0.011553
92.900000	0.008848	16.031953	0.000078	-0.008848
92.800000	0.007402	11.221953	0.000055	-0.007402
92.700000	0.012900	34.082832	0.000166	-0.012900
92.600000	0.012930	34.237812	0.000167	-0.012930
92.500000	0.012344	31.205000	0.000152	-0.012344
92.400000	0.013760	38.775020	0.000189	-0.013760
92.300000	0.012148	30.225313	0.000148	-0.012148
92.200000	0.013584	37.790645	0.000185	-0.013584
92.100000	0.010518	22.654863	0.000111	-0.010518
92.000000	0.008633	15.262813	0.000075	-0.008633
91.900000	0.013018	34.704863	0.000169	-0.013018
91.800000	0.011475	26.965332	0.000132	-0.011475
91.700000	0.011914	29.070313	0.000142	-0.011914
91.600000	0.011865	28.832520	0.000141	-0.011865
91.500000	0.014775	44.710332	0.000218	-0.014775
91.400000	0.009893	20.042363	0.000098	-0.009893
91.300000	0.010068	20.760957	0.000101	-0.010068
91.200000	0.008584	15.090645	0.000074	-0.008584
91.100000	0.009834	19.805645	0.000097	-0.009834
91.000000	0.006572	8.846270	0.000043	-0.006572
90.900000	0.010371	22.028203	0.000108	-0.010371
90.800000	0.010088	20.841582	0.000102	-0.010088
90.700000	0.010234	21.451250	0.000105	-0.010234
90.600000	0.010420	22.236113	0.000109	-0.010420
90.500000	0.008857	16.067363	0.000078	-0.008857
90.400000	0.008379	14.378203	0.000070	-0.008379
90.300000	0.014346	42.147676	0.000206	-0.014346
90.200000	0.009961	20.320313	0.000099	-0.009961
90.100000	0.010303	21.738770	0.000106	-0.010303
90.000000	0.010342	21.903926	0.000107	-0.010342
89.900000	0.013564	37.682051	0.000184	-0.013564
89.800000	0.010527	22.696953	0.000111	-0.010527
89.700000	0.009336	17.850313	0.000087	-0.009336
89.600000	0.012754	33.313203	0.000163	-0.012754
89.500000	0.014346	42.147676	0.000206	-0.014346
89.400000	0.011416	26.690645	0.000130	-0.011416
89.300000	0.012520	32.100078	0.000157	-0.012520
89.200000	0.010078	20.801250	0.000102	-0.010078
89.100000	0.006123	7.678301	0.000037	-0.006123
89.000000	0.012109	30.031250	0.000147	-0.012109
88.900000	0.007520	11.580078	0.000057	-0.007520
88.800000	0.012314	31.057051	0.000152	-0.012314
88.700000	0.009893	20.042363	0.000098	-0.009893
88.600000	0.011270	26.010078	0.000127	-0.011270
88.500000	0.008594	15.125000	0.000074	-0.008594
88.400000	0.013438	36.980000	0.000181	-0.013438
88.300000	0.010420	22.236113	0.000109	-0.010420
88.200000	0.011992	29.452813	0.000144	-0.011992
88.100000	0.009307	17.738457	0.000087	-0.009307
88.000000	0.009971	20.360176	0.000099	-0.009971
87.900000	0.011455	26.873613	0.000131	-0.011455
87.800000	0.015918	51.892578	0.000253	-0.015918
87.700000	0.010801	23.891328	0.000117	-0.010801
87.600000	0.011367	26.462812	0.000129	-0.011367
87.500000	0.009707	19.297578	0.000094	-0.009707
87.400000	0.011602	27.565313	0.000135	-0.011602
87.300000	0.013828	39.161250	0.000191	-0.013828
87.200000	0.008994	16.567207	0.000081	-0.008994
87.100000	0.012588	32.451582	0.000158	-0.012588
87.000000	0.010635	23.162520	0.000113	-0.010635
86.900000	0.010059	20.720703	0.000101	-0.010059
86.800000	0.008994	16.567207	0.000081	-0.008994
86.700000	0.010937	24.500000	0.000120	-0.010937
86.600000	0.008770	15.750078	0.000077	-0.008770
86.500000	0.011768	28.359863	0.000138	-0.011768
86.400000	0.010439	22.319551	0.000109	-0.010439
86.300000	0.015537	49.439082	0.000241	-0.015537
86.200000	0.009375	18.000000	0.000088	-0.009375
86.100000	0.012441	31.700703	0.000155	-0.012441
86.000000	0.012578	32.401250	0.000158	-0.012578
85.900000	0.009512	18.528828	0.000090	-0.009512
85.800000	0.010098	20.881953	0.000102	-0.010098
85.700000	0.014043	40.387578	0.000197	-0.014043
85.600000	0.012930	34.237812	0.000167	-0.012930
85.500000	0.010127	21.003301	0.000103	-0.010127
85.400000	0.012031	29.645000	0.000145	-0.012031
85.300000	0.010166	21.165645	0.000103	-0.010166
85.200000	0.010039	20.640313	0.000101	-0.010039
85.100000	0.013809	39.050703	0.000191	-0.013809
85.000000	0.013213	35.754082	0.000175	-0.013213
84.900000	0.005566	6.345703	0.000031	-0.005566
84.800000	0.010654	23.247676	0.000114	-0.010654
84.700000	0.011543	27.287578	0.000133	-0.011543
84.600000	0.007168	10.522578	0.000051	-0.007168
84.500000	0.013320	36.337812	0.000177	-0.013320
84.400000	0.008584	15.090645	0.000074	-0.008584
84.300000	0.014258	41.632813	0.000203	-0.014258
84.200000	0.012607	32.552363	0.000159	-0.012607
84.100000	0.010234	21.451250	0.000105	-0.010234
84.000000	0.014463	42.839082	0.000209	-0.014463
83.900000	0.012334	31.155645	0.000152	-0.012334
83.800000	0.011523	27.195313	0.000133	-0.011523
83.700000	0.011289	26.100313	0.000127	-0.011289
83.600000	0.012363	31.303828	0.000153	-0.012363
83.500000	0.010410	22.194453	0.000108	-0.010410
83.400000	0.014082	40.612578	0.000198	-0.014082
83.300000	0.012588	32.451582	0.000158	-0.012588
83.200000	0.012119	30.079707	0.000147	-0.012119
83.100000	0.012559	32.300703	0.000158	-0.012559
83.000000	0.012568	32.350957	0.000158	-0.012568
82.900000	0.009590	18.834453	0.000092	-0.009590
82.800000	0.012695	33.007813	0.000161	-0.012695
82.700000	0.013496	37.303203	0.000182	-0.013496
82.600000	0.015488	49.128828	0.000240	-0.015488
82.500000	0.011670	27.891113	0.000136	-0.011670
82.400000	0.015029	46.260176	0.000226	-0.015029
82.300000	0.011514	27.149238	0.000133	-0.011514
82.200000	0.014492	43.012813	0.000210	-0.014492
82.100000	0.011006	24.807207	0.000121	-0.011006
82.000000	0.011650	27.797832	0.000136	-0.011650
81.900000	0.012520	32.100078	0.000157	-0.012520
81.800000	0.012529	32.150176	0.000157	-0.012529
81.700000	0.012520	32.100078	0.000157	-0.012520
81.600000	0.010879	24.238203	0.000118	-0.010879
81.500000	0.012148	30.225313	0.000148	-0.012148
81.400000	0.010703	23.461250	0.000115	-0.010703
81.300000	0.014678	44.121270	0.000215	-0.014678
81.200000	0.011445	26.827813	0.000131	-0.011445
81.100000	0.015928	51.956270	0.000254	-0.015928
81.000000	0.014668	44.062578	0.000215	-0.014668
80.900000	0.010146	21.084395	0.000103	-0.010146
80.800000	0.011016	24.851250	0.000121	-0.011016
80.700000	0.013096	35.122676	0.000171	-0.013096
80.600000	0.013545	37.573613	0.000183	-0.013545
80.500000	0.013105	35.175078	0.000172	-0.013105
80.400000	0.013184	35.595703	0.000174	-0.013184
80.300000	0.013213	35.754082	0.000175	-0.013213
80.200000	0.014316	41.975703	0.000205	-0.014316
80.100000	0.015000	46.080000	0.000225	-0.015000
80.000000	0.012998	34.600801	0.000169	-0.012998
79.900000	0.014004	40.163203	0.000196	-0.014004
79.800000	0.012002	29.500801	0.000144	-0.012002
79.700000	0.011641	27.751250	0.000136	-0.011641
79.600000	0.013691	38.390703	0.000187	-0.013691
79.500000	0.012939	34.289551	0.000167	-0.012939
79.400000	0.015049	46.380488	0.000226	-0.015049
79.300000	0.013682	38.335957	0.000187	-0.013682
79.200000	0.014180	41.177813	0.000201	-0.014180
79.100000	0.012383	31.402813	0.000153	-0.012383
79.000000	0.010850	24.107832	0.000118	-0.010850
78.900000	0.014434	42.665703	0.000208	-0.014434
78.800000	0.015547	49.501250	0.000242	-0.015547
78.700000	0.012041	29.693145	0.000145	-0.012041
78.600000	0.014561	43.419551	0.000212	-0.014561
78.500000	0.013789	38.940312	0.000190	-0.013789
78.400000	0.013096	35.122676	0.000171	-0.013096
78.300000	0.014307	41.918457	0.000205	-0.014307
78.200000	0.012275	30.860332	0.000151	-0.012275
78.100000	0.010205	21.328613	0.000104	-0.010205
78.000000	0.011943	29.213457	0.000143	-0.011943
77.900000	0.011396	26.599395	0.000130	-0.011396
77.800000	0.011025	24.895332	0.000122	-0.011025
77.700000	0.014951	45.780488	0.000224	-0.014951
77.600000	0.012061	29.789551	0.000145	-0.012061
77.500000	0.012490	31.950020	0.000156	-0.012490
77.400000	0.011465	26.919453	0.000131	-0.011465
77.300000	0.016680	56.977812	0.000278	-0.016680
77.200000	0.013604	37.899395	0.000185	-0.013604
77.100000	0.015010	46.140020	0.000225	-0.015010
77.000000	0.012480	31.900078	0.000156	-0.012480
76.900000	0.017266	61.051250	0.000298	-0.017266
76.800000	0.008438	14.580000	0.000071	-0.008438
76.700000	0.013545	37.573613	0.000183	-0.013545
76.600000	0.013125	35.280000	0.000172	-0.013125
76.500000	0.013018	34.704863	0.000169	-0.013018
76.400000	0.009482	18.414863	0.000090	-0.009482
76.300000	0.009971	20.360176	0.000099	-0.009971
76.200000	0.011035	24.939453	0.000122	-0.011035
76.100000	0.013945	39.827813	0.000194	-0.013945
76.000000	0.012744	33.262207	0.000162	-0.012744
75.900000	0.018281	68.445000	0.000334	-0.018281
75.800000	0.010137	21.043828	0.000103	-0.010137
75.700000	0.007939	12.909551	0.000063	-0.007939
75.600000	0.012646	32.754395	0.000160	-0.012646
75.500000	0.016523	55.915312	0.000273	-0.016523
75.400000	0.011436	26.782051	0.000131	-0.011436
75.300000	0.011582	27.472578	0.000134	-0.011582
75.200000	0.012734	33.211250	0.000162	-0.012734
75.100000	0.014639	43.886738	0.000214	-0.014639
75.000000	0.010518	22.654863	0.000111	-0.010518
74.900000	0.012197	30.468770	0.000149	-0.012197
74.800000	0.014395	42.435078	0.000207	-0.014395
74.700000	0.009785	19.609453	0.000096	-0.009785
74.600000	0.014717	44.356426	0.000217	-0.014717
74.500000	0.016016	52.531250	0.000257	-0.016016
74.400000	0.013936	39.772051	0.000194	-0.013936
74.300000	0.015732	50.689863	0.000248	-0.015732
74.200000	0.013633	38.062813	0.000186	-0.013633
74.100000	0.011768	28.359863	0.000138	-0.011768
74.000000	0.012871	33.928203	0.000166	-0.012871
73.900000	0.009668	19.142578	0.000093	-0.009668
73.800000	0.017920	65.766113	0.000321	-0.017920
73.700000	0.015146	46.984395	0.000229	-0.015146
73.600000	0.014531	43.245000	0.000211	-0.014531
73.500000	0.014043	40.387578	0.000197	-0.014043
73.400000	0.011543	27.287578	0.000133	-0.011543
73.300000	0.014756	44.592207	0.000218	-0.014756
73.200000	0.012939	34.289551	0.000167	-0.012939
73.100000	0.011670	27.891113	0.000136	-0.011670
73.000000	0.013604	37.899395	0.000185	-0.013604
72.900000	0.009834	19.805645	0.000097	-0.009834
72.800000	0.016836	58.050312	0.000283	-0.016836
72.700000	0.017012	59.268828	0.000289	-0.017012
72.600000	0.011641	27.751250	0.000136	-0.011641
72.500000	0.014893	45.422363	0.000222	-0.014893
72.400000	0.012891	34.031250	0.000166	-0.012891
72.300000	0.014258	41.632813	0.000203	-0.014258
72.200000	0.012900	34.082832	0.000166	-0.012900
72.100000	0.009277	17.626953	0.000086	-0.009277
72.000000	0.013584	37.790645	0.000185	-0.013584
71.900000	0.012900	34.082832	0.000166	-0.012900
71.800000	0.011826	28.642988	0.000140	-0.011826
71.700000	0.017373	61.813301	0.000302	-0.017373
71.600000	0.013906	39.605000	0.000193	-0.013906
71.500000	0.014687	44.180000	0.000216	-0.014687
71.400000	0.016934	58.725703	0.000287	-0.016934
71.300000	0.013555	37.627812	0.000184	-0.013555
71.200000	0.012129	30.128203	0.000147	-0.012129
71.100000	0.015791	51.068145	0.000249	-0.015791
71.000000	0.013037	34.809082	0.000170	-0.013037
70.900000	0.014961	45.840313	0.000224	-0.014961
70.800000	0.014795	44.828613	0.000219	-0.014795
70.700000	0.014658	44.003926	0.000215	-0.014658
70.600000	0.014404	42.492676	0.000207	-0.014404
70.500000	0.012520	32.100078	0.000157	-0.012520
70.400000	0.010850	24.107832	0.000118	-0.010850
70.300000	0.016670	56.911113	0.000278	-0.016670
70.200000	0.013789	38.940312	0.000190	-0.013789
70.100000	0.011592	27.518926	0.000134	-0.011592
70.000000	0.012559	32.300703	0.000158	-0.012559
69.900000	0.011064	25.072051	0.000122	-0.011064
69.800000	0.009502	18.490801	0.000090	-0.009502
69.700000	0.013564	37.682051	0.000184	-0.013564
69.600000	0.016230	53.950078	0.000263	-0.016230
69.500000	0.015459	48.943145	0.000239	-0.015459
69.400000	0.012529	32.150176	0.000157	-0.012529
69.300000	0.017021	59.336895	0.000290	-0.017021
69.200000	0.015098	46.681953	0.000228	-0.015098
69.100000	0.015332	48.142578	0.000235	-0.015332
69.000000	0.008975	16.495332	0.000081	-0.008975
68.900000	0.015127	46.863301	0.000229	-0.015127
68.800000	0.010781	23.805000	0.000116	-0.010781
68.700000	0.011016	24.851250	0.000121	-0.011016
68.600000	0.014229	41.461895	0.000202	-0.014229
68.500000	0.011611	27.611738	0.000135	-0.011611
68.400000	0.015693	50.438457	0.000246	-0.015693
68.300000	0.013359	36.551250	0.000178	-0.013359
68.200000	0.016416	55.190645	0.000269	-0.016416
68.100000	0.017188	60.500000	0.000295	-0.017188
68.000000	0.013428	36.926270	0.000180	-0.013428
67.900000	0.016836	58.050312	0.000283	-0.016836
67.800000	0.014775	44.710332	0.000218	-0.014775
67.700000	0.013047	34.861250	0.000170	-0.013047
67.600000	0.014248	41.575801	0.000203	-0.014248
67.500000	0.017910	65.694453	0.000321	-0.017910
67.400000	0.017422	62.161250	0.000304	-0.017422
67.300000	0.013535	37.519453	0.000183	-0.013535
67.200000	0.015869	51.574707	0.000252	-0.015869
67.100000	0.017549	63.070488	0.000308	-0.017549
67.000000	0.020029	82.160176	0.000401	-0.020029
66.900000	0.014746	44.533203	0.000217	-0.014746
66.800000	0.009932	20.200957	0.000099	-0.009932
66.700000	0.013213	35.754082	0.000175	-0.013213
66.600000	0.016104	53.109395	0.000259	-0.016104
66.500000	0.016436	55.322051	0.000270	-0.016436
66.400000	0.016094	53.045000	0.000259	-0.016094
66.300000	0.012939	34.289551	0.000167	-0.012939
66.200000	0.015889	51.701738	0.000252	-0.015889
66.100000	0.013691	38.390703	0.000187	-0.013691
66.000000	0.013623	38.008301	0.000186	-0.013623
65.900000	0.015947	52.083770	0.000254	-0.015947
65.800000	0.015273	47.775312	0.000233	-0.015273
65.700000	0.017080	59.746113	0.000292	-0.017080
65.600000	0.015586	49.750313	0.000243	-0.015586
65.500000	0.011748	28.265801	0.000138	-0.011748
65.400000	0.019268	76.029863	0.000371	-0.019268
65.300000	0.014209	41.348145	0.000202	-0.014209
65.200000	0.018594	70.805000	0.000346	-0.018594
65.100000	0.013760	38.775020	0.000189	-0.013760
65.000000	0.017158	60.293926	0.000294	-0.017158
64.900000	0.016826	57.982988	0.000283	-0.016826
64.800000	0.014561	43.419551	0.000212	-0.014561
64.700000	0.017754	64.553203	0.000315	-0.017754
64.600000	0.017422	62.161250	0.000304	-0.017422
64.500000	0.018613	70.953828	0.000346	-0.018613
64.400000	0.012275	30.860332	0.000151	-0.012275
64.300000	0.016465	55.519453	0.000271	-0.016465
64.200000	0.017520	62.860078	0.000307	-0.017520
64.100000	0.016602	56.445313	0.000276	-0.016602
64.000000	0.018643	71.177363	0.000348	-0.018643
63.900000	0.018389	69.251738	0.000338	-0.018389
63.800000	0.017666	63.915645	0.000312	-0.017666
63.700000	0.014678	44.121270	0.000215	-0.014678
63.600000	0.015488	49.128828	0.000240	-0.015488
63.500000	0.016250	54.080000	0.000264	-0.016250
63.400000	0.014805	44.887813	0.000219	-0.014805
63.300000	0.015049	46.380488	0.000226	-0.015049
63.200000	0.015234	47.531250	0.000232	-0.015234
63.100000	0.015723	50.626953	0.000247	-0.015723
63.000000	0.016348	54.731953	0.000267	-0.016348
62.900000	0.018633	71.102812	0.000347	-0.018633
62.800000	0.014570	43.477812	0.000212	-0.014570
62.700000	0.015439	48.819551	0.000238	-0.015439
62.600000	0.013066	34.965703	0.000171	-0.013066
62.500000	0.016768	57.579863	0.000281	-0.016768
62.400000	0.014033	40.331426	0.000197	-0.014033
62.300000	0.013018	34.704863	0.000169	-0.013018
62.200000	0.019785	80.169453	0.000391	-0.019785
62.100000	0.015400	48.572832	0.000237	-0.015400
62.000000	0.020078	82.561250	0.000403	-0.020078
61.900000	0.017686	64.057051	0.000313	-0.017686
61.800000	0.017305	61.327813	0.000299	-0.017305
61.700000	0.017744	64.482207	0.000315	-0.017744
61.600000	0.015791	51.068145	0.000249	-0.015791
61.500000	0.018311	68.664551	0.000335	-0.018311
61.400000	0.019297	76.261250	0.000372	-0.019297
61.300000	0.020137	83.043828	0.000405	-0.020137
61.200000	0.018271	68.371895	0.000334	-0.018271
61.100000	0.015488	49.128828	0.000240	-0.015488
61.000000	0.013691	38.390703	0.000187	-0.013691
60.900000	0.017100	59.882832	0.000292	-0.017100
60.800000	0.016504	55.783203	0.000272	-0.016504
60.700000	0.012979	34.496895	0.000168	-0.012979
60.600000	0.018027	66.556953	0.000325	-0.018027
60.500000	0.015430	48.757813	0.000238	-0.015430
60.400000	0.021416	93.930645	0.000459	-0.021416
60.300000	0.014805	44.887813	0.000219	-0.014805
60.200000	0.014033	40.331426	0.000197	-0.014033
60.100000	0.018340	68.884453	0.000336	-0.018340
60.000000	0.016133	53.302813	0.000260	-0.016133
59.900000	0.018340	68.884453	0.000336	-0.018340
59.800000	0.016016	52.531250	0.000257	-0.016016
59.700000	0.017695	64.127813	0.000313	-0.017695
59.600000	0.016211	53.820313	0.000263	-0.016211
59.500000	0.017168	60.362578	0.000295	-0.017168
59.400000	0.015381	48.449707	0.000237	-0.015381
59.300000	0.016055	52.787813	0.000258	-0.016055
59.200000	0.016279	54.275176	0.000265	-0.016279
59.100000	0.019668	79.222578	0.000387	-0.019668
59.000000	0.013018	34.704863	0.000169	-0.013018
58.900000	0.017139	60.156738	0.000294	-0.017139
58.800000	0.018291	68.518145	0.000335	-0.018291
58.700000	0.016768	57.579863	0.000281	-0.016768
58.600000	0.016113	53.173828	0.000260	-0.016113
58.500000	0.017139	60.156738	0.000294	-0.017139
58.400000	0.018037	66.629082	0.000325	-0.018037
58.300000	0.016514	55.849238	0.000273	-0.016514
58.200000	0.019229	75.721895	0.000370	-0.019229
58.100000	0.014775	44.710332	0.000218	-0.014775
58.000000	0.015000	46.080000	0.000225	-0.015000
57.900000	0.018174	67.642988	0.000330	-0.018174
57.800000	0.019160	75.184453	0.000367	-0.019160
57.700000	0.018467	69.841426	0.000341	-0.018467
57.600000	0.017393	61.952363	0.000303	-0.017393
57.500000	0.017637	63.703828	0.000311	-0.017637
57.400000	0.017646	63.774395	0.000311	-0.017646
57.300000	0.021211	92.140312	0.000450	-0.021211
57.200000	0.017959	66.053145	0.000323	-0.017959
57.100000	0.013037	34.809082	0.000170	-0.013037
57.000000	0.016816	57.915703	0.000283	-0.016816
56.900000	0.020742	88.112813	0.000430	-0.020742
56.800000	0.016553	56.113770	0.000274	-0.016553
56.700000	0.018418	69.472578	0.000339	-0.018418
56.600000	0.016416	55.190645	0.000269	-0.016416
56.500000	0.013398	36.765313	0.000180	-0.013398
56.400000	0.018633	71.102812	0.000347	-0.018633
56.300000	0.020742	88.112813	0.000430	-0.020742
56.200000	0.014102	40.725313	0.000199	-0.014102
56.100000	0.020020	82.080078	0.000401	-0.020020
56.000000	0.018242	68.152812	0.000333	-0.018242
55.900000	0.014971	45.900176	0.000224	-0.014971
55.800000	0.014443	42.723457	0.000209	-0.014443
55.700000	0.017969	66.125000	0.000323	-0.017969
55.600000	0.016992	59.132813	0.000289	-0.016992
55.500000	0.018193	67.788457	0.000331	-0.018193
55.400000	0.017383	61.882813	0.000302	-0.017383
55.300000	0.018320	68.737813	0.000336	-0.018320
55.200000	0.013174	35.542988	0.000174	-0.013174
55.100000	0.015898	51.765313	0.000253	-0.015898
55.000000	0.016797	57.781250	0.000282	-0.016797
54.900000	0.017305	61.327813	0.000299	-0.017305
54.800000	0.018516	70.211250	0.000343	-0.018516
54.700000	0.018203	67.861250	0.000331	-0.018203
54.600000	0.015850	51.447832	0.000251	-0.015850
54.500000	0.013506	37.357207	0.000182	-0.013506
54.400000	0.019961	81.600313	0.000398	-0.019961
54.300000	0.013623	38.008301	0.000186	-0.013623
54.200000	0.023105	109.335078	0.000534	-0.023105
54.100000	0.016729	57.311895	0.000280	-0.016729
54.000000	0.019258	75.952812	0.000371	-0.019258
53.900000	0.020215	83.689453	0.000409	-0.020215
53.800000	0.016582	56.312578	0.000275	-0.016582
53.700000	0.020371	84.988203	0.000415	-0.020371
53.600000	0.015205	47.348613	0.000231	-0.015205
53.500000	0.015918	51.892578	0.000253	-0.015918
53.400000	0.018516	70.211250	0.000343	-0.018516
53.300000	0.019512	77.968828	0.000381	-0.019512
53.200000	0.020684	87.615703	0.000428	-0.020684
53.100000	0.017217	60.706426	0.000296	-0.017217
53.000000	0.016758	57.512813	0.000281	-0.016758
52.900000	0.018867	72.902812	0.000356	-0.018867
52.800000	0.023506	113.157207	0.000553	-0.023506
52.700000	0.016484	55.651250	0.000272	-0.016484
52.600000	0.023369	111.844707	0.000546	-0.023369
52.500000	0.020527	86.296953	0.000421	-0.020527
52.400000	0.015752	50.815801	0.000248	-0.015752
52.300000	0.016201	53.755488	0.000262	-0.016201
52.200000	0.021846	97.737676	0.000477	-0.021846
52.100000	0.018213	67.934082	0.000332	-0.018213
52.000000	0.021357	93.417363	0.000456	-0.021357
51.900000	0.018418	69.472578	0.000339	-0.018418
51.800000	0.018262	68.298828	0.000333	-0.018262
51.700000	0.016963	58.929082	0.000288	-0.016963
51.600000	0.017422	62.161250	0.000304	-0.017422
51.500000	0.020586	86.790312	0.000424	-0.020586
51.400000	0.017305	61.327813	0.000299	-0.017305
51.300000	0.021729	96.691895	0.000472	-0.021729
51.200000	0.017129	60.088203	0.000293	-0.017129
51.100000	0.025127	129.303301	0.000631	-0.025127
51.000000	0.021836	97.650312	0.000477	-0.021836
50.900000	0.018252	68.225801	0.000333	-0.018252
50.800000	0.020898	89.445313	0.000437	-0.020898
50.700000	0.017949	65.981328	0.000322	-0.017949
50.600000	0.021641	95.911250	0.000468	-0.021641
50.500000	0.019375	76.880000	0.000375	-0.019375
50.400000	0.023281	111.005000	0.000542	-0.023281
50.300000	0.022129	100.288203	0.000490	-0.022129
50.200000	0.021445	94.187813	0.000460	-0.021445
50.100000	0.018164	67.570313	0.000330	-0.018164
50.000000	0.020244	83.932207	0.000410	-0.020244
49.900000	0.015879	51.638203	0.000252	-0.015879
49.800000	0.018809	72.450703	0.000354	-0.018809
49.700000	0.019551	78.281328	0.000382	-0.019551
49.600000	0.017646	63.774395	0.000311	-0.017646
49.500000	0.027305	152.687813	0.000746	-0.027305
49.400000	0.017168	60.362578	0.000295	-0.017168
49.300000	0.024072	118.676270	0.000579	-0.024072
49.200000	0.021484	94.531250	0.000462	-0.021484
49.100000	0.020938	89.780000	0.000438	-0.020938
49.000000	0.019531	78.125000	0.000381	-0.019531
48.900000	0.023115	109.427520	0.000534	-0.023115
48.800000	0.017324	61.466328	0.000300	-0.017324
48.700000	0.019355	76.725078	0.000375	-0.019355
48.600000	0.017725	64.340332	0.000314	-0.017725
48.500000	0.022139	100.376738	0.000490	-0.022139
48.400000	0.019668	79.222578	0.000387	-0.019668
48.300000	0.019980	81.760078	0.000399	-0.019980
48.200000	0.021055	90.787813	0.000443	-0.021055
48.100000	0.022334	102.155645	0.000499	-0.022334
48.000000	0.020508	86.132813	0.000421	-0.020508
47.900000	0.017988	66.268828	0.000324	-0.017988
47.800000	0.025693	135.198457	0.000660	-0.025693
47.700000	0.018125	67.280000	0.000329	-0.018125
47.600000	0.021709	96.518145	0.000471	-0.021709
47.500000	0.019150	75.107832	0.000367	-0.019150
47.400000	0.022617	104.762813	0.000512	-0.022617
47.300000	0.019551	78.281328	0.000382	-0.019551
47.200000	0.018613	70.953828	0.000346	-0.018613
47.100000	0.021260	92.565020	0.000452	-0.021260
47.000000	0.020479	85.886895	0.000419	-0.020479
46.900000	0.024043	118.387578	0.000578	-0.024043
46.800000	0.020293	84.337578	0.000412	-0.020293
46.700000	0.024512	123.048828	0.000601	-0.024512
46.600000	0.018389	69.251738	0.000338	-0.018389
46.500000	0.026885	148.027520	0.000723	-0.026885
46.400000	0.023486	112.969238	0.000552	-0.023486
46.300000	0.020645	87.285078	0.000426	-0.020645
46.200000	0.019316	76.415703	0.000373	-0.019316
46.100000	0.017383	61.882813	0.000302	-0.017383
46.000000	0.019248	75.875801	0.000370	-0.019248
45.900000	0.026631	145.244707	0.000709	-0.026631
45.800000	0.023770	115.710078	0.000565	-0.023770
45.700000	0.023906	117.045000	0.000572	-0.023906
45.600000	0.020605	86.955078	0.000425	-0.020605
45.500000	0.022676	105.306328	0.000514	-0.022676
45.400000	0.020332	84.662578	0.000413	-0.020332
45.300000	0.022080	99.846113	0.000488	-0.022080
45.200000	0.018330	68.811113	0.000336	-0.018330
45.100000	0.023535	113.439453	0.000554	-0.023535
45.000000	0.020625	87.120000	0.000425	-0.020625
44.900000	0.019648	79.065313	0.000386	-0.019648
44.800000	0.024424	122.167988	0.000597	-0.024424
44.700000	0.022363	102.423828	0.000500	-0.022363
44.600000	0.019951	81.520488	0.000398	-0.019951
44.500000	0.018506	70.137207	0.000342	-0.018506
44.400000	0.022256	101.442207	0.000495	-0.022256
44.300000	0.026084	139.340645	0.000680	-0.026084
44.200000	0.023477	112.875313	0.000551	-0.023477
44.100000	0.021504	94.703203	0.000462	-0.021504
44.000000	0.020674	87.532988	0.000427	-0.020674
43.900000	0.024375	121.680000	0.000594	-0.024375
43.800000	0.022412	102.871582	0.000502	-0.022412
43.700000	0.022031	99.405000	0.000485	-0.022031
43.600000	0.020645	87.285078	0.000426	-0.020645
43.500000	0.024072	118.676270	0.000579	-0.024072
43.400000	0.024268	120.609863	0.000589	-0.024268
43.300000	0.023193	110.168457	0.000538	-0.023193
43.200000	0.020371	84.988203	0.000415	-0.020371
43.100000	0.021572	95.306270	0.000465	-0.021572
43.000000	0.019297	76.261250	0.000372	-0.019297
42.900000	0.024619	124.129707	0.000606	-0.024619
42.800000	0.023750	115.520000	0.000564	-0.023750
42.700000	0.020869	89.194707	0.000436	-0.020869
42.600000	0.021748	96.865801	0.000473	-0.021748
42.500000	0.022373	102.513301	0.000501	-0.022373
42.400000	0.023896	116.949395	0.000571	-0.023896
42.300000	0.029072	173.096270	0.000845	-0.029072
42.200000	0.024961	127.600313	0.000623	-0.024961
42.100000	0.018799	72.375488	0.000353	-0.018799
42.000000	0.020977	90.115313	0.000440	-0.020977
41.900000	0.024404	121.972676	0.000596	-0.024404
41.800000	0.027178	151.271270	0.000739	-0.027178
41.700000	0.025313	131.220000	0.000641	-0.025313
41.600000	0.027051	149.861328	0.000732	-0.027051
41.500000	0.025264	130.714238	0.000638	-0.025264
41.400000	0.022969	108.045000	0.000528	-0.022969
41.300000	0.027559	155.540703	0.000759	-0.027559
41.200000	0.027344	153.125000	0.000748	-0.027344
41.100000	0.025557	133.763457	0.000653	-0.025557
41.000000	0.024541	123.343145	0.000602	-0.024541
40.900000	0.025684	135.095703	0.000660	-0.025684
40.800000	0.026387	142.593828	0.000696	-0.026387
40.700000	0.026602	144.925312	0.000708	-0.026602
40.600000	0.027383	153.562813	0.000750	-0.027383
40.500000	0.028740	169.165020	0.000826	-0.028740
40.400000	0.024014	118.099238	0.000577	-0.024014
40.300000	0.023535	113.439453	0.000554	-0.023535
40.200000	0.024756	125.512207	0.000613	-0.024756
40.100000	0.025303	131.118770	0.000640	-0.025303
40.000000	0.025723	135.506953	0.000662	-0.025723
39.900000	0.025205	130.108613	0.000635	-0.025205
39.800000	0.025957	137.987578	0.000674	-0.025957
39.700000	0.026816	147.275703	0.000719	-0.026816
39.600000	0.025127	129.303301	0.000631	-0.025127
39.500000	0.029180	174.377813	0.000851	-0.029180
39.400000	0.027051	149.861328	0.000732	-0.027051
39.300000	0.024473	122.656953	0.000599	-0.024473
39.200000	0.025898	137.365312	0.000671	-0.025898
39.100000	0.024873	126.703301	0.000619	-0.024873
39.000000	0.026084	139.340645	0.000680	-0.026084
38.900000	0.022988	108.228828	0.000528	-0.022988
38.800000	0.030654	192.447676	0.000940	-0.030654
38.700000	0.026758	146.632813	0.000716	-0.026758
38.600000	0.027080	150.186113	0.000733	-0.027080
38.500000	0.025488	133.048828	0.000650	-0.025488
38.400000	0.028145	162.225078	0.000792	-0.028145
38.300000	0.024678	124.721270	0.000609	-0.024678
38.200000	0.030127	185.883301	0.000908	-0.030127
38.100000	0.027998	160.540801	0.000784	-0.027998
38.000000	0.030078	185.281250	0.000905	-0.030078
37.900000	0.026064	139.132051	0.000679	-0.026064
37.800000	0.030664	192.570313	0.000940	-0.030664
37.700000	0.023477	112.875313	0.000551	-0.023477
37.600000	0.027119	150.619707	0.000735	-0.027119
37.500000	0.026943	148.673457	0.000726	-0.026943
37.400000	0.029365	176.602520	0.000862	-0.029365
37.300000	0.027480	154.660078	0.000755	-0.027480
37.200000	0.027715	157.309453	0.000768	-0.027715
37.100000	0.025840	136.744453	0.000668	-0.025840
37.000000	0.026504	143.863203	0.000702	-0.026504
36.900000	0.028584	167.330645	0.000817	-0.028584
36.800000	0.027393	153.672363	0.000750	-0.027393
36.700000	0.029238	175.078828	0.000855	-0.029238
36.600000	0.027061	149.969551	0.000732	-0.027061
36.500000	0.021816	97.475703	0.000476	-0.021816
36.400000	0.023994	117.907207	0.000576	-0.023994
36.300000	0.027617	156.202812	0.000763	-0.027617
36.200000	0.028418	165.392578	0.000808	-0.028418
36.100000	0.029404	177.072676	0.000865	-0.029404
36.000000	0.026914	148.350313	0.000724	-0.026914
35.900000	0.031074	197.756328	0.000966	-0.031074
35.800000	0.026055	139.027813	0.000679	-0.026055
35.700000	0.024043	118.387578	0.000578	-0.024043
35.600000	0.027393	153.672363	0.000750	-0.027393
35.500000	0.029229	174.961895	0.000854	-0.029229
35.400000	0.031289	200.500313	0.000979	-0.031289
35.300000	0.024414	122.070313	0.000596	-0.024414
35.200000	0.028838	170.316582	0.000832	-0.028838
35.100000	0.028906	171.125000	0.000836	-0.028906
35.000000	0.029131	173.794707	0.000849	-0.029131
34.900000	0.027832	158.642578	0.000775	-0.027832
34.800000	0.029980	184.080078	0.000899	-0.029980
34.700000	0.030029	184.680176	0.000902	-0.030029
34.600000	0.028633	167.902813	0.000820	-0.028633
34.500000	0.027793	158.197578	0.000772	-0.027793
34.400000	0.033340	227.644453	0.001112	-0.033340
34.300000	0.028740	169.165020	0.000826	-0.028740
34.200000	0.026953	148.781250	0.000726	-0.026953
34.100000	0.029785	181.689453	0.000887	-0.029785
34.000000	0.026875	147.920000	0.000722	-0.026875
33.900000	0.032646	218.274395	0.001066	-0.032646
33.800000	0.032637	218.143828	0.001065	-0.032637
33.700000	0.030117	185.762813	0.000907	-0.030117
33.600000	0.030898	195.525313	0.000955	-0.030898
33.500000	0.029404	177.072676	0.000865	-0.029404
33.400000	0.028262	163.578828	0.000799	-0.028262
33.300000	0.029170	174.261113	0.000851	-0.029170
33.200000	0.032783	220.106426	0.001075	-0.032783
33.100000	0.030186	186.607051	0.000911	-0.030186
33.000000	0.025234	130.411250	0.000637	-0.025234
32.900000	0.032451	215.670488	0.001053	-0.032451
32.800000	0.027324	152.906328	0.000747	-0.027324
32.700000	0.032109	211.151250	0.001031	-0.032109
32.600000	0.036631	274.804707	0.001342	-0.036631
32.500000	0.029600	179.432832	0.000876	-0.029600
32.400000	0.032012	209.868828	0.001025	-0.032012
32.300000	0.035342	255.803926	0.001249	-0.035342
32.200000	0.030830	194.661113	0.000950	-0.030830
32.100000	0.033135	224.852520	0.001098	-0.033135
32.000000	0.031074	197.756328	0.000966	-0.031074
31.900000	0.027959	160.093145	0.000782	-0.027959
31.800000	0.030400	189.272832	0.000924	-0.030400
31.700000	0.029707	180.737578	0.000883	-0.029707
31.600000	0.030049	184.920488	0.000903	-0.030049
31.500000	0.031650	205.157832	0.001002	-0.031650
31.400000	0.032705	219.058613	0.001070	-0.032705
31.300000	0.031162	198.876582	0.000971	-0.031162
31.200000	0.031064	197.632051	0.000965	-0.031064
31.100000	0.030928	195.896270	0.000957	-0.030928
31.000000	0.031289	200.500313	0.000979	-0.031289
30.900000	0.031279	200.375176	0.000978	-0.031279
30.800000	0.031475	202.885332	0.000991	-0.031475
30.700000	0.033145	224.985078	0.001099	-0.033145
30.600000	0.030049	184.920488	0.000903	-0.030049
30.500000	0.034375	242.000000	0.001182	-0.034375
30.400000	0.030908	195.648926	0.000955	-0.030908
30.300000	0.034229	239.941895	0.001172	-0.034229
30.200000	0.035352	255.945313	0.001250	-0.035352
30.100000	0.034482	243.514863	0.001189	-0.034482
30.000000	0.037051	281.141328	0.001373	-0.037051
29.900000	0.034521	244.066895	0.001192	-0.034521
29.800000	0.031260	200.125020	0.000977	-0.031260
29.700000	0.027783	158.086426	0.000772	-0.027783
29.600000	0.036748	276.565801	0.001350	-0.036748
29.500000	0.031680	205.537813	0.001004	-0.031680
29.400000	0.037588	289.351582	0.001413	-0.037588
29.300000	0.034951	250.180488	0.001222	-0.034951
29.200000	0.031973	209.356953	0.001022	-0.031973
29.100000	0.031982	209.484863	0.001023	-0.031982
29.000000	0.036123	267.238301	0.001305	-0.036123
28.900000	0.033311	227.244551	0.001110	-0.033311
28.800000	0.036475	272.465332	0.001330	-0.036475
28.700000	0.037920	294.486113	0.001438	-0.037920
28.600000	0.027930	159.757813	0.000780	-0.027930
28.500000	0.037900	294.182832	0.001436	-0.037900
28.400000	0.037637	290.103828	0.001417	-0.037637
28.300000	0.032920	221.946113	0.001084	-0.032920
28.200000	0.032793	220.237578	0.001075	-0.032793
28.100000	0.033691	232.470703	0.001135	-0.033691
28.000000	0.038613	305.353828	0.001491	-0.038613
27.900000	0.038887	309.693828	0.001512	-0.038887
27.800000	0.039482	319.254863	0.001559	-0.039482
27.700000	0.036514	273.049238	0.001333	-0.036514
27.600000	0.036592	274.218926	0.001339	-0.036592
27.500000	0.033262	226.578828	0.001106	-0.033262
27.400000	0.037520	288.300078	0.001408	-0.037520
27.300000	0.033369	228.044707	0.001113	-0.033369
27.200000	0.036592	274.218926	0.001339	-0.036592
27.100000	0.036836	277.890312	0.001357	-0.036836
27.000000	0.043652	390.251953	0.001906	-0.043652
26.900000	0.036699	275.831328	0.001347	-0.036699
26.800000	0.032803	220.368770	0.001076	-0.032803
26.700000	0.039082	312.812578	0.001527	-0.039082
26.600000	0.040986	344.039238	0.001680	-0.040986
26.500000	0.038135	297.832520	0.001454	-0.038135
26.400000	0.039766	323.851250	0.001581	-0.039766
26.300000	0.040059	328.640703	0.001605	-0.040059
26.200000	0.036201	268.395488	0.001311	-0.036201
26.100000	0.040420	334.596113	0.001634	-0.040420
26.000000	0.042588	371.451582	0.001814	-0.042588
25.900000	0.040713	339.464082	0.001658	-0.040713
25.800000	0.036406	271.445000	0.001325	-0.036406
25.700000	0.036582	274.072578	0.001338	-0.036582
25.600000	0.036572	273.926270	0.001338	-0.036572
25.500000	0.038867	309.382813	0.001511	-0.038867
25.400000	0.037158	282.773926	0.001381	-0.037158
25.300000	0.036729	276.271895	0.001349	-0.036729
25.200000	0.040068	328.800957	0.001605	-0.040068
25.100000	0.040889	342.401738	0.001672	-0.040889
25.000000	0.041377	350.628301	0.001712	-0.041377
24.900000	0.037588	289.351582	0.001413	-0.037588
24.800000	0.039639	321.786738	0.001571	-0.039639
24.700000	0.041416	351.290645	0.001715	-0.041416
24.600000	0.043770	392.350078	0.001916	-0.043770
24.500000	0.040195	330.887813	0.001616	-0.040195
24.400000	0.038115	297.527520	0.001453	-0.038115
24.300000	0.042666	372.815645	0.001820	-0.042666
24.200000	0.040645	338.325078	0.001652	-0.040645
24.100000	0.040693	339.138457	0.001656	-0.040693
24.000000	0.042510	370.090020	0.001807	-0.042510
23.900000	0.046768	447.939863	0.002187	-0.046768
23.800000	0.040879	342.238203	0.001671	-0.040879
23.700000	0.042363	367.543828	0.001795	-0.042363
23.600000	0.039736	323.374238	0.001579	-0.039736
23.500000	0.040381	333.949707	0.001631	-0.040381
23.400000	0.044756	410.232207	0.002003	-0.044756
23.300000	0.043730	391.650078	0.001912	-0.043730
23.200000	0.046436	441.602051	0.002156	-0.046436
23.100000	0.045020	415.080078	0.002027	-0.045020
23.000000	0.042939	377.609551	0.001844	-0.042939
22.900000	0.042588	371.451582	0.001814	-0.042588
22.800000	0.042500	369.920000	0.001806	-0.042500
22.700000	0.042969	378.125000	0.001846	-0.042969
22.600000	0.046533	443.461426	0.002165	-0.046533
22.500000	0.043682	390.775957	0.001908	-0.043682
22.400000	0.040859	341.911250	0.001669	-0.040859
22.300000	0.046045	434.203613	0.002120	-0.046045
22.200000	0.042842	375.893926	0.001835	-0.042842
22.100000	0.046914	450.750313	0.002201	-0.046914
22.000000	0.048506	481.857207	0.002353	-0.048506
21.900000	0.046963	451.689082	0.002206	-0.046963
21.800000	0.048047	472.781250	0.002309	-0.048047
21.700000	0.044805	411.127813	0.002007	-0.044805
21.600000	0.051113	535.053828	0.002613	-0.051113
21.500000	0.051582	544.912578	0.002661	-0.051582
21.400000	0.044199	400.091328	0.001954	-0.044199
21.300000	0.045098	416.521953	0.002034	-0.045098
21.200000	0.044590	407.194453	0.001988	-0.044590
21.100000	0.048555	482.827812	0.002358	-0.048555
21.000000	0.045605	425.955078	0.002080	-0.045605
20.900000	0.048613	483.993828	0.002363	-0.048613
20.800000	0.047617	464.362813	0.002267	-0.047617
20.700000	0.046729	447.191895	0.002184	-0.046729
20.600000	0.047705	466.078613	0.002276	-0.047705
20.500000	0.044639	408.086738	0.001993	-0.044639
20.400000	0.048311	477.984551	0.002334	-0.048311
20.300000	0.046260	438.265020	0.002140	-0.046260
20.200000	0.051592	545.118926	0.002662	-0.051592
20.100000	0.047314	458.477051	0.002239	-0.047314
20.000000	0.053623	588.888301	0.002875	-0.053623
19.900000	0.052148	556.945313	0.002719	-0.052148
19.800000	0.047959	471.053145	0.002300	-0.047959
19.700000	0.052744	569.742207	0.002782	-0.052744
19.600000	0.054336	604.650313	0.002952	-0.054336
19.500000	0.050332	518.822578	0.002533	-0.050332
19.400000	0.046953	451.501250	0.002205	-0.046953
19.300000	0.054092	599.228926	0.002926	-0.054092
19.200000	0.053037	576.089082	0.002813	-0.053037
19.100000	0.049775	507.410332	0.002478	-0.049775
19.000000	0.049990	511.800020	0.002499	-0.049990
18.900000	0.052637	567.423828	0.002771	-0.052637
18.800000	0.052539	565.320313	0.002760	-0.052539
18.700000	0.051309	539.150703	0.002633	-0.051309
18.600000	0.054541	609.223145	0.002975	-0.054541
18.500000	0.053418	584.392578	0.002853	-0.053418
18.400000	0.055889	639.701738	0.003124	-0.055889
18.300000	0.056875	662.480000	0.003235	-0.056875
18.200000	0.055098	621.721953	0.003036	-0.055098
18.100000	0.051543	544.087578	0.002657	-0.051543
18.000000	0.053115	577.787520	0.002821	-0.053115
17.900000	0.058135	692.152520	0.003380	-0.058135
17.800000	0.053369	583.324707	0.002848	-0.053369
17.700000	0.058428	699.146270	0.003414	-0.058428
17.600000	0.057646	680.574395	0.003323	-0.057646
17.500000	0.052920	573.546113	0.002801	-0.052920
17.400000	0.057988	688.668828	0.003363	-0.057988
17.300000	0.056855	662.025078	0.003233	-0.056855
17.200000	0.056064	643.732051	0.003143	-0.056064
17.100000	0.055000	619.520000	0.003025	-0.055000
17.000000	0.056777	660.206953	0.003224	-0.056777
16.900000	0.063242	819.112813	0.004000	-0.063242
16.800000	0.057969	688.205000	0.003360	-0.057969
16.700000	0.059687	729.620000	0.003563	-0.059687
16.600000	0.059453	723.901250	0.003535	-0.059453
16.500000	0.059814	732.727051	0.003578	-0.059814
16.400000	0.059482	724.614863	0.003538	-0.059482
16.300000	0.059990	737.040020	0.003599	-0.059990
16.200000	0.060293	744.497578	0.003635	-0.060293
16.100000	0.061846	783.337676	0.003825	-0.061846
16.000000	0.061592	776.918926	0.003794	-0.061592
15.900000	0.056133	645.302812	0.003151	-0.056133
15.800000	0.064014	839.219238	0.004098	-0.064014
15.700000	0.062363	796.503828	0.003889	-0.062363
15.600000	0.066709	911.378145	0.004450	-0.066709
15.500000	0.061191	766.850703	0.003744	-0.061191
15.400000	0.066211	897.820313	0.004384	-0.066211
15.300000	0.070449	1016.441328	0.004963	-0.070449
15.200000	0.065195	870.487813	0.004250	-0.065195
15.100000	0.064072	840.756270	0.004105	-0.064072
15.000000	0.067139	923.156738	0.004508	-0.067139
14.900000	0.066846	915.117676	0.004468	-0.066846
14.800000	0.064561	853.619551	0.004168	-0.064561
14.700000	0.072285	1070.109453	0.005225	-0.072285
14.600000	0.071904	1058.862676	0.005170	-0.071904
14.500000	0.067949	945.581328	0.004617	-0.067949
14.400000	0.066875	915.920000	0.004472	-0.066875
14.300000	0.069434	987.345703	0.004821	-0.069434
14.200000	0.071211	1038.540313	0.005071	-0.071211
14.100000	0.067305	927.727813	0.004530	-0.067305
14.000000	0.070859	1028.311250	0.005021	-0.070859
13.900000	0.071738	1053.978828	0.005146	-0.071738
13.800000	0.073760	1114.215020	0.005441	-0.073760
13.700000	0.074658	1141.523926	0.005574	-0.074658
13.600000	0.072813	1085.780000	0.005302	-0.072813
13.500000	0.077393	1226.672363	0.005990	-0.077393
13.400000	0.078896	1274.809395	0.006225	-0.078896
13.300000	0.073574	1108.616328	0.005413	-0.073574
13.200000	0.078037	1247.189082	0.006090	-0.078037
13.100000	0.075957	1181.587578	0.005769	-0.075957
13.000000	0.077373	1226.053301	0.005987	-0.077373
12.900000	0.077305	1223.887813	0.005976	-0.077305
12.800000	0.079336	1289.050313	0.006294	-0.079336
12.700000	0.079268	1286.829863	0.006283	-0.079268
12.600000	0.084053	1446.883770	0.007065	-0.084053
12.500000	0.080098	1313.921953	0.006416	-0.080098
12.400000	0.080283	1320.016426	0.006445	-0.080283
12.300000	0.078633	1266.302813	0.006183	-0.078633
12.200000	0.081670	1366.011113	0.006670	-0.081670
12.100000	0.082207	1384.037578	0.006758	-0.082207
12.000000	0.083232	1418.779863	0.006928	-0.083232
11.900000	0.085527	1498.096953	0.007315	-0.085527
11.800000	0.086484	1531.811250	0.007480	-0.086484
11.700000	0.085020	1480.360078	0.007228	-0.085020
11.600000	0.083984	1444.531250	0.007053	-0.083984
11.500000	0.082822	1404.831270	0.006860	-0.082822
11.400000	0.083057	1412.793457	0.006898	-0.083057
11.300000	0.086230	1522.830078	0.007436	-0.086230
11.200000	0.089902	1655.281953	0.008082	-0.089902
11.100000	0.091846	1727.617676	0.008436	-0.091846
11.000000	0.091445	1712.587812	0.008362	-0.091445
10.900000	0.090098	1662.481953	0.008118	-0.090098
10.800000	0.092061	1735.709551	0.008475	-0.092061
10.700000	0.092900	1767.522832	0.008630	-0.092900
10.600000	0.090410	1674.034453	0.008174	-0.090410
10.500000	0.099727	2036.815312	0.009945	-0.099727
10.400000	0.095078	1851.361250	0.009040	-0.095078
10.300000	0.097080	1930.146113	0.009425	-0.097080
10.200000	0.099170	2014.141113	0.009835	-0.099170
10.100000	0.097344	1940.645000	0.009476	-0.097344
10.000000	0.103457	2192.047578	0.010703	-0.103457
9.900000	0.094883	1843.762813	0.009003	-0.094883
9.800000	0.107266	2356.411250	0.011506	-0.107266
9.700000	0.099609	2032.031250	0.009922	-0.099609
9.600000	0.104707	2245.337578	0.010964	-0.104707
9.500000	0.101982	2130.004863	0.010400	-0.101982
9.400000	0.107695	2375.327813	0.011598	-0.107695
9.300000	0.108076	2392.157988	0.011680	-0.108076
9.200000	0.109609	2460.511250	0.012014	-0.109609
9.100000	0.106787	2335.434082	0.011403	-0.106787
9.000000	0.110801	2514.291328	0.012277	-0.110801
8.900000	0.113398	2633.565312	0.012859	-0.113398
8.800000	0.115322	2723.681270	0.013299	-0.115322
8.700000	0.113086	2619.070313	0.012788	-0.113086
8.600000	0.118154	2859.097676	0.013960	-0.118154
8.500000	0.117354	2820.474395	0.013772	-0.117354
8.400000	0.120566	2977.025703	0.014536	-0.120566
8.300000	0.119746	2936.653203	0.014339	-0.119746
8.200000	0.123213	3109.154082	0.015181	-0.123213
8.100000	0.123145	3105.705078	0.015165	-0.123145
8.000000	0.126113	3257.253828	0.015905	-0.126113
7.900000	0.125078	3204.001250	0.015645	-0.125078
7.800000	0.123906	3144.245000	0.015353	-0.123906
7.700000	0.128984	3407.251250	0.016637	-0.128984
7.600000	0.131699	3552.191328	0.017345	-0.131699
7.500000	0.135527	3761.696953	0.018368	-0.135527
7.400000	0.135869	3780.694707	0.018460	-0.135869
7.300000	0.138613	3934.953828	0.019214	-0.138613
7.200000	0.136367	3808.462812	0.018596	-0.136367
7.100000	0.140771	4058.441895	0.019817	-0.140771
7.000000	0.143506	4217.637207	0.020594	-0.143506
6.900000	0.149287	4564.304082	0.022287	-0.149287
6.800000	0.144316	4265.415703	0.020827	-0.144316
6.700000	0.148838	4536.876582	0.022153	-0.148838
6.600000	0.154492	4888.132813	0.023868	-0.154492
6.500000	0.151533	4702.681426	0.022962	-0.151533
6.400000	0.154326	4877.632988	0.023817	-0.154326
6.300000	0.156328	5005.001250	0.024438	-0.156328
6.200000	0.164404	5535.492676	0.027029	-0.164404
6.100000	0.162021	5376.196895	0.026251	-0.162021
6.000000	0.166523	5679.115313	0.027730	-0.166523
5.900000	0.165059	5579.640703	0.027244	-0.165059
5.800000	0.171357	6013.617363	0.029363	-0.171357
5.700000	0.171650	6034.197832	0.029464	-0.171650
5.600000	0.177021	6417.736895	0.031337	-0.177021
5.500000	0.177705	6467.398613	0.031579	-0.177705
5.400000	0.184141	6944.311250	0.033908	-0.184141
5.300000	0.189883	7384.162812	0.036055	-0.189883
5.200000	0.189297	7338.661250	0.035833	-0.189297
5.100000	0.190098	7400.881953	0.036137	-0.190098
5.000000	0.193848	7695.751953	0.037577	-0.193848
4.900000	0.198018	8030.404863	0.039211	-0.198018
4.800000	0.203516	8482.531250	0.041419	-0.203516
4.700000	0.206768	8755.779863	0.042753	-0.206768
4.600000	0.214980	9465.160078	0.046217	-0.214980
4.500000	0.219287	9848.184082	0.048087	-0.219287
4.400000	0.224590	10330.234453	0.050441	-0.224590
4.300000	0.231484	10974.211250	0.053585	-0.231484
4.200000	0.231904	11014.062676	0.053780	-0.231904
4.100000	0.242373	12030.913301	0.058745	-0.242373
4.000000	0.243408	12133.898926	0.059248	-0.243408
3.900000	0.251309	12934.350703	0.063156	-0.251309
3.800000	0.257871	13618.688203	0.066498	-0.257871
3.700000	0.264922	14373.601250	0.070184	-0.264922
3.600000	0.268857	14803.827363	0.072284	-0.268857
3.500000	0.279980	16054.080078	0.078389	-0.279980
3.400000	0.284365	16560.862520	0.080864	-0.284365
3.300000	0.293594	17653.205000	0.086197	-0.293594
3.200000	0.299346	18351.687676	0.089608	-0.299346
3.100000	0.310361	19727.186738	0.096324	-0.310361
3.000000	0.321436	21160.102051	0.103321	-0.321436
2.900000	0.332578	22652.561250	0.110608	-0.332578
2.800000	0.342480	24021.580078	0.117293	-0.342480
2.700000	0.354648	25758.825313	0.125776	-0.354648
2.600000	0.367852	27712.465313	0.135315	-0.367852
2.500000	0.378711	29372.820313	0.143422	-0.378711
2.400000	0.393057	31640.273457	0.154494	-0.393057
2.300000	0.406758	33884.552812	0.165452	-0.406758
2.200000	0.424883	36971.602813	0.180525	-0.424883
2.100000	0.438057	39299.813457	0.191894	-0.438057
2.000000	0.461807	43676.748457	0.213265	-0.461807
1.900000	0.480361	47256.986738	0.230747	-0.480361
1.800000	0.507461	52739.400313	0.257517	-0.507461
1.700000	0.528379	57176.938203	0.279184	-0.528379
1.600000	0.553887	62830.693828	0.306790	-0.553887
1.500000	0.585342	70169.603926	0.342625	-0.585342
1.400000	0.614170	77251.521113	0.377205	-0.614170
1.300000	0.646660	85641.084453	0.418169	-0.646660
1.200000	0.678320	94232.257813	0.460118	-0.678320
1.100000	0.717021	105291.736895	0.514120	-0.717021
1.000000	0.760977	118596.675313	0.579085	-0.760977
0.900000	0.804639	132596.406738	0.647443	-0.804639
0.800000	0.848252	147360.025801	0.719531	-0.848252
0.700000	0.890918	162556.892578	0.793735	-0.890918
0.600000	0.931406	177667.605000	0.867518	-0.931406
0.500000	0.964668	190583.662578	0.930584	-0.964668
0.400000	0.986758	199411.912813	0.973691	-0.986758
0.300000	0.997686	203853.097051	0.995376	-0.997686
0.200000	0.999922	204768.001250	0.999844	-0.999922
0.100000	0.999912	204764.001582	0.999824	-0.999912
