0.100000	-0.019104	-0.019086	-0.019037	-0.018719	-0.018347	-0.019446	-0.019189	-0.019586	-0.020020	-0.018756	-0.018994	-0.018689	-0.018860	-0.018158	-0.019818	-0.018439	-0.019678	-0.019281	-0.019183	-0.019647	-0.019012	-0.020038	-0.019873	-0.019745	-0.018732	-0.018793	-0.019000	-0.018970	-0.018988	-0.018500	-0.018628	-0.019879	-0.018793	-0.018707	-0.019318	-0.020294	-0.019519	-0.019366	-0.019513	-0.018976	-0.018927	-0.019971	-0.018945	-0.018317	-0.019342	-0.019067	-0.018365	-0.019720	-0.019177	-0.019299	
0.110000	-0.023760	-0.023431	-0.023055	-0.023915	-0.022827	-0.023754	-0.023767	-0.023754	-0.023129	-0.023848	-0.021954	-0.023109	-0.022747	-0.023707	-0.023445	-0.023834	-0.024412	-0.023774	-0.023243	-0.023915	-0.022565	-0.023673	-0.022908	-0.022720	-0.023901	-0.023700	-0.022324	-0.023700	-0.023029	-0.022982	-0.023653	-0.023814	-0.022606	-0.022800	-0.024150	-0.023277	-0.022183	-0.023096	-0.024378	-0.024284	-0.023311	-0.022807	-0.023035	-0.023801	-0.022263	-0.024250	-0.022861	-0.024506	-0.024237	-0.024331	
0.120000	-0.028491	-0.028066	-0.027634	-0.029041	-0.029436	-0.027437	-0.028206	-0.028682	-0.027612	-0.028132	-0.028813	-0.028982	-0.027729	-0.028879	-0.029509	-0.029993	-0.028293	-0.028359	-0.028557	-0.029268	-0.029377	-0.028865	-0.028784	-0.028711	-0.028528	-0.030088	-0.029590	-0.028608	-0.030110	-0.028484	-0.028909	-0.029363	-0.028762	-0.028440	-0.028315	-0.029656	-0.028213	-0.030300	-0.028784	-0.028557	-0.030308	-0.029700	-0.029656	-0.028396	-0.028748	-0.028440	-0.028857	-0.028066	-0.028909	-0.029077	
0.130000	-0.033531	-0.035110	-0.034666	-0.033801	-0.034492	-0.033841	-0.032857	-0.032794	-0.033476	-0.033841	-0.034373	-0.031603	-0.035531	-0.034944	-0.034753	-0.034190	-0.035253	-0.034968	-0.035229	-0.034523	-0.035396	-0.033349	-0.033174	-0.033722	-0.033968	-0.035372	-0.034547	-0.034745	-0.034904	-0.034991	-0.035031	-0.033881	-0.033286	-0.034666	-0.034158	-0.035499	-0.034595	-0.033516	-0.033770	-0.033992	-0.034492	-0.035079	-0.034357	-0.032738	-0.033801	-0.034008	-0.035214	-0.034087	-0.035388	-0.033412	
0.140000	-0.041246	-0.040563	-0.040135	-0.041127	-0.039956	-0.040853	-0.040759	-0.041084	-0.040930	-0.040306	-0.038606	-0.042007	-0.039307	-0.040144	-0.040494	-0.040332	-0.041580	-0.040127	-0.039751	-0.041426	-0.041101	-0.041127	-0.041101	-0.039888	-0.041656	-0.038298	-0.042306	-0.040212	-0.040973	-0.040691	-0.041956	-0.038666	-0.041870	-0.041742	-0.039708	-0.039794	-0.042058	-0.041178	-0.041665	-0.042032	-0.041870	-0.040776	-0.040811	-0.040272	-0.040289	-0.040383	-0.039563	-0.040494	-0.040708	-0.041340	
0.150000	-0.049155	-0.047864	-0.047507	-0.045776	-0.046399	-0.048807	-0.046115	-0.046783	-0.049091	-0.046463	-0.047424	-0.046793	-0.049384	-0.046957	-0.048367	-0.046518	-0.048477	-0.049274	-0.049127	-0.048303	-0.049255	-0.047443	-0.049054	-0.046582	-0.048257	-0.047260	-0.050391	-0.047122	-0.048669	-0.049915	-0.048376	-0.047662	-0.046381	-0.046683	-0.048788	-0.047598	-0.047946	-0.047470	-0.048331	-0.048267	-0.047836	-0.047067	-0.046481	-0.047452	-0.047543	-0.047800	-0.047864	-0.047195	-0.047296	-0.047763	
0.160000	-0.054307	-0.054014	-0.056113	-0.052412	-0.054502	-0.055762	-0.055078	-0.056260	-0.054619	-0.054482	-0.054922	-0.053887	-0.056533	-0.053379	-0.053633	-0.056426	-0.054141	-0.054355	-0.055371	-0.054873	-0.055391	-0.053164	-0.055078	-0.055801	-0.053135	-0.053701	-0.053955	-0.055547	-0.055068	-0.055176	-0.055723	-0.054756	-0.056611	-0.051309	-0.054912	-0.053594	-0.053066	-0.056543	-0.055820	-0.054980	-0.054473	-0.055967	-0.055518	-0.054277	-0.055107	-0.054561	-0.053838	-0.053350	-0.053535	-0.055986	
0.170000	-0.061903	-0.062266	-0.063262	-0.063013	-0.059019	-0.060585	-0.062650	-0.060990	-0.063708	-0.060741	-0.060886	-0.063304	-0.062453	-0.061633	-0.061955	-0.062038	-0.062910	-0.063729	-0.062640	-0.061737	-0.063729	-0.060575	-0.063024	-0.063553	-0.063657	-0.062048	-0.061996	-0.060948	-0.063563	-0.062961	-0.062692	-0.061498	-0.063086	-0.062391	-0.060772	-0.061415	-0.060897	-0.061644	-0.063210	-0.061830	-0.061976	-0.062920	-0.064113	-0.061384	-0.061312	-0.062505	-0.061924	-0.062142	-0.062162	-0.060450	
0.180000	-0.066698	-0.067489	-0.070192	-0.070060	-0.067434	-0.070697	-0.069543	-0.067115	-0.069532	-0.069258	-0.068038	-0.071093	-0.067017	-0.070906	-0.070258	-0.070774	-0.072938	-0.069181	-0.070214	-0.069532	-0.070225	-0.071422	-0.067610	-0.067335	-0.069675	-0.069521	-0.071609	-0.073619	-0.071125	-0.069587	-0.071796	-0.070049	-0.070203	-0.070477	-0.069060	-0.069785	-0.069181	-0.068401	-0.070302	-0.070378	-0.071060	-0.070697	-0.071993	-0.069565	-0.072246	-0.068939	-0.069840	-0.070181	-0.071455	-0.071653	
0.190000	-0.078927	-0.077419	-0.077988	-0.079658	-0.076596	-0.078544	-0.077106	-0.075460	-0.079101	-0.077396	-0.078324	-0.077814	-0.078904	-0.079356	-0.078544	-0.077895	-0.079449	-0.079217	-0.076677	-0.081258	-0.079785	-0.077651	-0.079252	-0.078823	-0.077721	-0.076121	-0.078765	-0.082336	-0.076561	-0.079472	-0.079089	-0.079263	-0.078196	-0.075112	-0.076445	-0.079774	-0.078266	-0.079356	-0.079240	-0.079808	-0.077756	-0.078173	-0.076550	-0.077025	-0.079797	-0.080087	-0.076457	-0.077292	-0.079240	-0.078776	
0.200000	-0.086816	-0.088599	-0.086926	-0.087366	-0.086914	-0.087866	-0.083923	-0.085217	-0.085950	-0.089258	-0.090649	-0.084753	-0.085400	-0.085242	-0.084924	-0.086743	-0.085950	-0.086511	-0.087598	-0.087476	-0.085522	-0.087549	-0.083337	-0.086353	-0.086890	-0.086926	-0.088196	-0.088245	-0.084753	-0.085889	-0.083191	-0.086353	-0.084521	-0.086243	-0.087390	-0.087012	-0.084839	-0.084778	-0.088782	-0.089233	-0.087036	-0.085718	-0.085327	-0.086011	-0.087964	-0.085889	-0.088428	-0.084631	-0.084644	-0.088538	
0.210000	-0.097130	-0.094221	-0.095643	-0.096835	-0.098719	-0.098438	-0.097412	-0.098322	-0.096066	-0.096041	-0.094874	-0.095592	-0.098297	-0.098553	-0.095912	-0.100706	-0.097809	-0.095182	-0.093977	-0.095054	-0.097015	-0.097412	-0.097143	-0.098873	-0.093452	-0.096925	-0.094438	-0.095669	-0.095156	-0.098386	-0.097297	-0.094259	-0.095169	-0.097143	-0.097181	-0.099899	-0.097938	-0.098438	-0.095246	-0.095630	-0.096246	-0.097476	-0.095451	-0.100232	-0.098053	-0.096361	-0.094118	-0.097412	-0.096553	-0.098386	
0.220000	-0.108845	-0.105502	-0.110295	-0.104857	-0.104159	-0.106294	-0.109960	-0.105233	-0.106683	-0.107677	-0.104226	-0.107395	-0.109476	-0.103702	-0.103984	-0.110551	-0.103058	-0.105260	-0.108201	-0.105502	-0.108281	-0.106321	-0.105461	-0.105569	-0.110242	-0.107825	-0.104589	-0.106240	-0.107556	-0.104575	-0.106603	-0.108550	-0.104508	-0.106401	-0.105314	-0.105757	-0.102830	-0.104589	-0.107113	-0.104253	-0.109758	-0.106307	-0.104656	-0.108093	-0.110215	-0.103756	-0.105663	-0.107288	-0.108295	-0.104468	
0.230000	-0.119422	-0.118032	-0.115786	-0.113793	-0.119254	-0.116165	-0.120292	-0.118495	-0.120138	-0.115098	-0.118973	-0.117246	-0.115730	-0.115491	-0.118369	-0.117372	-0.118776	-0.116292	-0.116488	-0.119211	-0.115449	-0.117695	-0.114916	-0.119941	-0.114607	-0.116671	-0.114888	-0.113526	-0.112234	-0.118748	-0.115168	-0.115576	-0.118229	-0.117751	-0.120082	-0.113821	-0.118341	-0.115197	-0.114818	-0.115716	-0.118762	-0.121064	-0.113947	-0.113652	-0.115098	-0.121907	-0.116755	-0.119899	-0.116881	-0.117513	
0.240000	-0.129404	-0.131045	-0.129111	-0.125435	-0.127471	-0.131191	-0.133682	-0.125845	-0.129346	-0.122959	-0.128027	-0.130825	-0.129829	-0.126270	-0.127690	-0.131074	-0.127852	-0.127734	-0.130151	-0.125845	-0.130781	-0.127588	-0.130913	-0.127163	-0.127852	-0.129272	-0.127778	-0.127471	-0.125171	-0.127646	-0.129316	-0.129814	-0.126943	-0.129229	-0.128540	-0.127236	-0.125874	-0.126753	-0.130034	-0.125405	-0.127412	-0.128701	-0.131748	-0.125845	-0.131719	-0.125098	-0.131265	-0.123398	-0.126357	-0.127954	
0.250000	-0.139038	-0.142975	-0.139877	-0.139069	-0.143417	-0.141998	-0.141037	-0.144135	-0.141998	-0.137756	-0.139191	-0.138306	-0.142639	-0.140778	-0.145081	-0.138153	-0.139191	-0.141663	-0.137177	-0.136276	-0.138428	-0.140732	-0.139160	-0.139191	-0.136093	-0.140091	-0.140106	-0.138321	-0.141373	-0.138458	-0.141495	-0.141037	-0.135834	-0.139343	-0.143280	-0.141052	-0.139633	-0.142548	-0.138397	-0.141357	-0.141418	-0.142609	-0.140030	-0.141556	-0.136795	-0.139313	-0.136108	-0.139801	-0.142868	-0.143677	
0.260000	-0.153359	-0.156565	-0.152296	-0.154819	-0.152185	-0.154470	-0.149265	-0.151042	-0.151550	-0.156184	-0.150455	-0.153915	-0.153359	-0.146044	-0.149329	-0.152058	-0.156279	-0.149836	-0.148964	-0.150455	-0.150313	-0.154645	-0.151995	-0.152042	-0.152328	-0.153026	-0.148773	-0.148900	-0.153820	-0.147139	-0.148551	-0.151042	-0.153280	-0.153407	-0.151360	-0.154803	-0.152328	-0.156406	-0.155232	-0.152994	-0.150487	-0.151820	-0.153328	-0.151407	-0.157533	-0.153026	-0.149757	-0.149313	-0.151963	-0.154629	
0.270000	-0.170678	-0.169030	-0.171453	-0.162241	-0.164350	-0.170381	-0.166888	-0.164333	-0.166772	-0.166740	-0.162488	-0.167036	-0.170085	-0.170134	-0.163328	-0.161532	-0.162636	-0.166047	-0.165751	-0.167020	-0.160692	-0.159999	-0.165421	-0.167250	-0.165965	-0.164680	-0.163542	-0.168354	-0.166097	-0.170579	-0.164531	-0.167465	-0.167382	-0.160823	-0.165718	-0.168931	-0.168124	-0.166443	-0.164251	-0.162537	-0.167102	-0.166707	-0.164877	-0.163444	-0.172623	-0.163641	-0.164053	-0.162010	-0.163378	-0.164960	
0.280000	-0.179187	-0.177581	-0.179905	-0.180400	-0.183271	-0.184878	-0.176658	-0.181084	-0.179187	-0.177632	-0.182605	-0.182639	-0.185562	-0.183118	-0.177939	-0.179734	-0.176213	-0.180930	-0.179341	-0.179255	-0.178879	-0.180503	-0.183511	-0.183323	-0.177017	-0.184109	-0.178042	-0.178931	-0.176589	-0.176521	-0.184724	-0.182332	-0.177888	-0.181323	-0.181853	-0.175991	-0.185134	-0.184263	-0.181357	-0.177803	-0.175085	-0.176179	-0.174539	-0.182314	-0.179153	-0.180640	-0.180623	-0.178110	-0.175410	-0.178708	
0.290000	-0.193835	-0.196030	-0.192260	-0.192454	-0.194313	-0.198101	-0.191304	-0.191675	-0.194260	-0.191321	-0.197463	-0.196277	-0.188100	-0.192224	-0.200720	-0.193853	-0.194030	-0.197357	-0.191304	-0.196083	-0.192419	-0.193870	-0.197410	-0.201729	-0.196508	-0.190153	-0.194738	-0.203092	-0.193268	-0.195481	-0.190808	-0.200331	-0.197269	-0.194791	-0.196950	-0.197658	-0.190366	-0.197729	-0.197587	-0.195286	-0.194667	-0.195605	-0.187941	-0.191481	-0.196985	-0.200490	-0.195640	-0.189693	-0.191605	-0.191127	
0.300000	-0.211780	-0.206763	-0.213428	-0.213812	-0.203485	-0.210590	-0.209985	-0.209473	-0.206891	-0.211102	-0.210406	-0.213977	-0.206451	-0.211542	-0.213647	-0.213391	-0.204327	-0.213501	-0.209857	-0.207935	-0.210663	-0.219104	-0.212128	-0.212311	-0.215314	-0.212311	-0.209509	-0.208411	-0.208960	-0.208557	-0.210590	-0.211945	-0.206378	-0.204437	-0.199695	-0.211597	-0.212933	-0.215387	-0.207513	-0.215936	-0.212164	-0.213336	-0.213171	-0.207367	-0.212421	-0.209619	-0.208850	-0.214508	-0.208795	-0.211377	
0.310000	-0.223153	-0.227354	-0.224610	-0.231932	-0.229113	-0.231005	-0.226294	-0.226483	-0.229283	-0.229756	-0.223153	-0.222472	-0.226540	-0.230721	-0.227183	-0.230267	-0.229019	-0.222131	-0.224894	-0.224421	-0.224402	-0.226918	-0.225348	-0.232027	-0.227940	-0.229094	-0.231516	-0.233068	-0.225670	-0.230192	-0.228640	-0.228867	-0.223248	-0.224383	-0.226445	-0.224742	-0.230021	-0.225840	-0.223021	-0.229586	-0.233333	-0.231611	-0.233427	-0.229567	-0.231667	-0.222831	-0.226805	-0.229056	-0.224326	-0.237836	
0.320000	-0.253398	-0.246895	-0.245664	-0.246191	-0.252266	-0.253594	-0.247285	-0.246523	-0.243652	-0.248398	-0.242656	-0.242520	-0.245020	-0.242461	-0.251895	-0.249961	-0.247891	-0.253320	-0.248340	-0.242656	-0.246465	-0.247070	-0.244766	-0.246133	-0.245801	-0.252207	-0.252383	-0.244570	-0.252168	-0.243105	-0.240254	-0.250371	-0.244395	-0.248711	-0.243516	-0.245410	-0.248555	-0.245449	-0.250977	-0.241113	-0.245977	-0.246387	-0.249160	-0.244941	-0.243047	-0.244551	-0.244805	-0.238691	-0.248730	-0.243145	
0.330000	-0.270341	-0.268870	-0.264399	-0.256846	-0.269394	-0.266373	-0.267078	-0.262767	-0.266937	-0.266292	-0.266816	-0.264238	-0.264721	-0.260793	-0.269978	-0.264479	-0.268367	-0.265345	-0.271086	-0.270723	-0.264842	-0.261519	-0.262224	-0.269535	-0.268024	-0.257067	-0.268629	-0.262485	-0.267420	-0.269555	-0.270643	-0.260491	-0.256906	-0.265507	-0.272818	-0.264338	-0.263936	-0.271992	-0.269837	-0.269414	-0.268709	-0.267924	-0.265003	-0.271831	-0.264902	-0.269052	-0.261096	-0.268669	-0.269575	-0.259504	
0.340000	-0.286667	-0.285754	-0.283140	-0.287186	-0.289884	-0.278969	-0.282247	-0.286169	-0.285194	-0.286356	-0.283970	-0.283389	-0.285568	-0.289282	-0.294097	-0.287269	-0.298309	-0.289241	-0.285837	-0.293640	-0.290299	-0.287622	-0.283866	-0.292935	-0.292561	-0.286273	-0.295529	-0.292810	-0.287207	-0.274901	-0.283845	-0.285339	-0.280753	-0.282994	-0.291254	-0.291399	-0.283949	-0.279363	-0.290050	-0.291835	-0.284240	-0.275067	-0.284447	-0.288639	-0.286564	-0.283077	-0.289282	-0.295632	-0.282227	-0.278159	
0.350000	-0.309091	-0.299286	-0.305011	-0.310736	-0.302084	-0.313876	-0.315414	-0.316653	-0.297235	-0.311996	-0.303131	-0.315073	-0.304947	-0.303131	-0.310095	-0.303580	-0.308472	-0.303601	-0.306165	-0.319986	-0.315222	-0.309561	-0.302747	-0.309219	-0.309091	-0.306357	-0.307233	-0.310544	-0.312061	-0.316718	-0.311441	-0.318127	-0.304242	-0.310608	-0.293967	-0.299969	-0.316312	-0.304114	-0.305396	-0.297043	-0.312018	-0.308044	-0.308792	-0.319922	-0.299948	-0.309689	-0.314581	-0.303580	-0.309967	-0.302148	
0.360000	-0.332974	-0.332710	-0.338972	-0.340950	-0.334753	-0.336248	-0.327920	-0.331370	-0.342356	-0.334819	-0.332271	-0.331479	-0.336797	-0.336621	-0.331611	-0.329172	-0.336643	-0.333633	-0.331611	-0.331414	-0.337720	-0.324734	-0.332820	-0.345300	-0.337061	-0.334731	-0.334116	-0.333259	-0.341675	-0.328667	-0.345872	-0.336841	-0.326602	-0.328228	-0.337478	-0.327788	-0.319526	-0.343828	-0.333567	-0.327195	-0.335588	-0.333853	-0.338137	-0.334885	-0.336072	-0.322295	-0.333962	-0.330754	-0.334775	-0.333655	
0.370000	-0.368035	-0.352701	-0.360967	-0.361622	-0.356247	-0.356970	-0.360538	-0.349517	-0.355298	-0.351211	-0.361960	-0.351640	-0.356337	-0.352589	-0.352521	-0.371536	-0.361712	-0.357579	-0.352995	-0.352837	-0.361644	-0.360109	-0.354779	-0.374697	-0.367155	-0.351550	-0.361035	-0.348524	-0.351888	-0.358257	-0.360696	-0.350533	-0.361509	-0.360289	-0.357173	-0.354463	-0.361689	-0.355547	-0.357399	-0.360718	-0.365732	-0.346265	-0.365800	-0.363383	-0.360854	-0.359612	-0.358234	-0.358731	-0.358528	-0.359296	
0.380000	-0.390831	-0.376823	-0.396560	-0.383734	-0.385706	-0.393591	-0.382319	-0.379490	-0.377634	-0.379188	-0.375408	-0.388419	-0.383896	-0.388187	-0.376382	-0.388582	-0.403124	-0.386193	-0.389185	-0.390669	-0.388396	-0.397140	-0.386169	-0.377170	-0.386541	-0.381392	-0.387886	-0.384268	-0.388929	-0.380696	-0.376405	-0.369354	-0.380186	-0.398230	-0.374410	-0.375269	-0.390043	-0.387538	-0.392687	-0.392803	-0.385242	-0.398462	-0.390994	-0.387051	-0.382203	-0.383293	-0.385590	-0.385891	-0.379907	-0.388071	
0.390000	-0.423658	-0.411161	-0.414304	-0.409448	-0.418279	-0.423016	-0.414280	-0.409281	-0.413756	-0.416993	-0.412185	-0.412614	-0.418136	-0.424991	-0.405877	-0.418255	-0.417255	-0.420850	-0.425063	-0.416470	-0.418041	-0.422325	-0.420659	-0.402116	-0.410209	-0.410947	-0.422135	-0.414542	-0.411590	-0.423706	-0.412852	-0.405925	-0.415803	-0.422421	-0.411352	-0.401830	-0.412137	-0.419279	-0.425658	-0.420469	-0.424396	-0.426039	-0.413447	-0.405901	-0.406877	-0.416255	-0.413161	-0.429229	-0.416732	-0.410281	
0.400000	-0.463110	-0.445020	-0.447461	-0.450684	-0.432129	-0.453467	-0.443433	-0.445923	-0.438452	-0.447729	-0.441235	-0.440356	-0.442896	-0.453198	-0.440747	-0.433643	-0.450635	-0.457031	-0.458081	-0.445557	-0.437964	-0.453394	-0.443652	-0.445605	-0.441821	-0.456323	-0.437451	-0.456274	-0.440527	-0.446631	-0.444067	-0.446606	-0.438525	-0.434741	-0.455786	-0.434351	-0.452856	-0.454297	-0.468921	-0.467212	-0.437988	-0.434180	-0.444775	-0.442554	-0.440259	-0.440942	-0.447168	-0.454785	-0.441284	-0.452808	
0.410000	-0.478317	-0.478167	-0.484548	-0.483822	-0.494758	-0.475539	-0.486750	-0.483221	-0.483897	-0.487150	-0.487651	-0.474213	-0.478492	-0.485223	-0.504392	-0.473537	-0.476565	-0.482020	-0.468632	-0.486750	-0.477616	-0.479918	-0.492706	-0.485198	-0.490428	-0.481270	-0.484473	-0.481219	-0.476515	-0.470734	-0.489027	-0.474988	-0.481019	-0.495684	-0.490529	-0.480344	-0.478867	-0.465779	-0.477791	-0.479243	-0.468432	-0.467706	-0.495183	-0.483522	-0.494182	-0.462326	-0.468232	-0.483397	-0.488151	-0.469108	
0.420000	-0.523282	-0.526820	-0.523359	-0.525410	-0.529102	-0.531639	-0.512106	-0.524359	-0.526974	-0.520616	-0.518207	-0.519027	-0.538125	-0.518489	-0.520078	-0.511849	-0.520822	-0.512823	-0.525205	-0.524821	-0.518463	-0.531588	-0.519617	-0.529230	-0.523488	-0.513823	-0.524795	-0.532614	-0.546097	-0.517617	-0.511132	-0.511260	-0.511311	-0.517771	-0.527717	-0.518181	-0.530742	-0.506517	-0.511388	-0.512106	-0.524744	-0.520386	-0.510568	-0.526077	-0.521283	-0.523231	-0.537100	-0.530127	-0.510311	-0.515156	
0.430000	-0.565451	-0.552014	-0.584741	-0.564795	-0.580437	-0.547526	-0.553247	-0.566055	-0.566868	-0.565136	-0.569703	-0.570779	-0.563194	-0.565661	-0.556501	-0.561882	-0.569257	-0.557971	-0.559861	-0.576710	-0.565976	-0.564847	-0.575870	-0.582012	-0.564900	-0.576553	-0.575844	-0.572065	-0.580070	-0.578836	-0.575687	-0.561672	-0.570674	-0.585817	-0.584006	-0.559887	-0.572354	-0.556816	-0.560674	-0.564008	-0.578232	-0.561777	-0.578626	-0.584899	-0.562380	-0.575083	-0.571435	-0.576474	-0.557131	-0.558522	
0.440000	-0.641013	-0.640530	-0.622402	-0.646948	-0.630620	-0.650654	-0.641738	-0.650359	-0.633494	-0.650386	-0.618105	-0.634863	-0.645149	-0.617729	-0.629707	-0.649607	-0.627263	-0.651138	-0.654924	-0.632366	-0.618401	-0.641604	-0.642732	-0.630728	-0.623342	-0.638247	-0.630378	-0.643940	-0.624497	-0.645498	-0.638113	-0.654360	-0.644155	-0.641335	-0.645847	-0.627478	-0.639106	-0.621167	-0.648372	-0.618025	-0.643000	-0.628579	-0.624846	-0.660242	-0.636340	-0.636340	-0.647324	-0.649902	-0.649983	-0.658872	
0.450000	-0.701477	-0.701532	-0.684421	-0.685822	-0.679889	-0.690216	-0.683624	-0.685080	-0.704306	-0.689227	-0.697247	-0.678873	-0.681262	-0.696204	-0.681729	-0.684393	-0.697934	-0.682004	-0.681921	-0.694034	-0.692441	-0.687003	-0.685794	-0.696204	-0.690875	-0.697659	-0.683102	-0.691425	-0.688239	-0.693732	-0.695352	-0.690793	-0.678159	-0.682004	-0.696671	-0.688486	-0.677527	-0.691946	-0.690326	-0.681537	-0.673077	-0.681097	-0.689667	-0.686591	-0.696643	-0.692496	-0.694144	-0.674341	-0.691727	-0.693979	
0.460000	-0.735933	-0.731216	-0.707828	-0.741464	-0.722288	-0.720800	-0.727903	-0.727678	-0.723158	-0.732227	-0.734669	-0.725909	-0.737168	-0.732367	-0.728998	-0.738094	-0.733350	-0.744103	-0.736213	-0.718806	-0.730682	-0.732957	-0.726892	-0.732367	-0.724449	-0.741660	-0.734332	-0.730739	-0.732676	-0.718132	-0.719396	-0.730710	-0.730991	-0.724478	-0.722288	-0.734950	-0.728352	-0.735090	-0.739246	-0.739723	-0.724449	-0.733350	-0.722484	-0.731132	-0.725629	-0.717318	-0.725011	-0.735961	-0.733743	-0.734360	
0.470000	-0.762029	-0.780991	-0.765299	-0.782712	-0.770577	-0.770204	-0.764381	-0.774335	-0.768770	-0.767795	-0.767451	-0.771122	-0.767680	-0.774536	-0.778896	-0.773016	-0.761283	-0.775368	-0.781593	-0.789453	-0.768139	-0.777749	-0.768139	-0.774680	-0.767135	-0.770750	-0.752648	-0.785093	-0.770491	-0.769401	-0.774249	-0.754226	-0.772758	-0.774421	-0.760738	-0.762660	-0.770663	-0.769143	-0.768369	-0.751644	-0.769028	-0.773188	-0.773245	-0.768455	-0.764525	-0.763148	-0.775282	-0.758099	-0.772700	-0.755574	
0.480000	-0.804316	-0.811465	-0.812490	-0.809033	-0.813896	-0.809121	-0.804609	-0.798398	-0.811113	-0.810234	-0.808066	-0.812871	-0.798135	-0.808770	-0.797373	-0.803027	-0.810791	-0.805107	-0.812432	-0.804639	-0.824092	-0.816709	-0.812461	-0.794766	-0.803467	-0.797842	-0.807568	-0.811787	-0.805928	-0.813896	-0.808477	-0.813516	-0.808096	-0.817646	-0.803467	-0.800771	-0.807451	-0.814717	-0.794033	-0.802588	-0.804463	-0.806045	-0.807070	-0.801943	-0.810938	-0.798691	-0.803643	-0.804932	-0.796465	-0.815039	
0.490000	-0.842516	-0.835787	-0.842008	-0.835219	-0.846046	-0.847571	-0.844131	-0.836356	-0.839765	-0.848737	-0.832737	-0.845806	-0.846105	-0.835698	-0.841799	-0.843204	-0.849485	-0.838030	-0.857979	-0.841260	-0.833634	-0.840543	-0.836296	-0.828640	-0.845717	-0.842038	-0.851010	-0.841500	-0.840004	-0.841649	-0.837851	-0.833784	-0.828939	-0.841978	-0.830284	-0.839795	-0.858636	-0.830823	-0.837402	-0.834771	-0.834591	-0.831899	-0.842786	-0.836894	-0.837881	-0.846075	-0.845956	-0.847032	-0.825858	-0.840901	
0.500000	-0.863403	-0.866150	-0.867859	-0.866730	-0.873657	-0.874725	-0.880432	-0.863953	-0.866974	-0.864105	-0.878540	-0.873474	-0.871918	-0.875244	-0.867981	-0.876801	-0.878967	-0.877686	-0.869720	-0.880890	-0.875549	-0.871094	-0.874359	-0.868774	-0.873779	-0.868927	-0.865265	-0.867218	-0.876038	-0.875671	-0.875458	-0.880737	-0.874542	-0.872345	-0.883606	-0.873901	-0.870605	-0.865448	-0.873810	-0.888214	-0.873413	-0.865356	-0.867401	-0.867432	-0.875977	-0.865753	-0.868500	-0.872345	-0.878113	-0.875031	
0.510000	-0.912920	-0.906165	-0.910181	-0.915753	-0.900438	-0.908095	-0.899317	-0.905760	-0.913823	-0.902803	-0.906570	-0.908780	-0.898477	-0.896329	-0.904733	-0.892780	-0.904702	-0.901776	-0.900967	-0.905231	-0.911426	-0.903457	-0.899006	-0.900344	-0.901994	-0.901963	-0.898010	-0.908687	-0.911115	-0.901029	-0.900033	-0.905107	-0.909776	-0.894772	-0.904204	-0.899846	-0.899566	-0.903831	-0.911768	-0.910056	-0.905978	-0.893652	-0.910648	-0.903333	-0.896360	-0.900656	-0.893247	-0.910648	-0.906165	-0.902928	
0.520000	-0.933740	-0.924092	-0.934121	-0.941294	-0.935137	-0.935327	-0.931360	-0.924790	-0.945420	-0.941548	-0.945610	-0.946340	-0.939358	-0.931392	-0.943992	-0.931519	-0.928630	-0.940374	-0.938945	-0.940500	-0.928091	-0.931011	-0.929265	-0.929614	-0.937263	-0.937358	-0.934312	-0.935835	-0.937200	-0.938787	-0.940215	-0.933074	-0.929456	-0.932122	-0.937073	-0.930027	-0.931614	-0.925012	-0.928916	-0.939041	-0.927678	-0.935295	-0.937073	-0.919109	-0.929900	-0.941008	-0.937168	-0.930154	-0.931360	-0.929614	
0.530000	-0.958522	-0.959137	-0.958037	-0.960560	-0.957099	-0.961304	-0.966674	-0.963181	-0.955805	-0.961693	-0.957325	-0.965413	-0.966221	-0.963407	-0.959557	-0.960366	-0.963763	-0.959040	-0.965801	-0.959978	-0.960722	-0.965768	-0.960269	-0.953702	-0.966092	-0.969715	-0.956873	-0.946780	-0.966189	-0.962048	-0.965574	-0.957487	-0.963051	-0.963019	-0.966157	-0.956873	-0.961401	-0.960463	-0.972788	-0.960819	-0.957584	-0.960916	-0.964022	-0.964345	-0.966804	-0.969586	-0.957972	-0.959622	-0.962695	-0.959040	
0.540000	-0.993483	-0.991110	-0.992494	-0.989231	-0.993746	-1.000734	-0.997668	-0.989923	-0.998591	-0.986891	-0.993252	-0.987319	-0.992362	-0.986495	-0.991241	-0.994735	-0.989198	-0.992362	-0.988572	-0.982277	-0.995658	-0.990253	-1.000371	-0.987550	-0.990747	-0.990516	-0.984781	-0.990879	-0.990417	-0.990286	-0.994504	-0.991967	-0.991736	-0.992428	-0.988176	-0.985012	-0.989297	-0.977498	-0.995823	-0.996812	-0.985474	-0.997273	-0.993516	-0.996185	-0.986924	-0.998789	-1.001426	-0.987715	-0.989066	-0.992560	
0.550000	-1.023227	-1.011411	-1.019199	-1.018896	-1.023495	-1.026953	-1.017654	-1.020105	-1.023764	-1.021548	-1.023932	-1.015137	-1.016983	-1.022589	-1.021582	-1.014600	-1.015607	-1.027356	-1.021817	-1.018829	-1.015036	-1.013928	-1.023395	-1.023294	-1.011780	-1.009766	-1.021750	-1.011981	-1.017218	-1.011780	-1.012015	-1.014096	-1.017386	-1.003992	-1.014264	-1.025745	-1.009363	-1.022253	-1.021481	-1.013022	-1.022723	-1.016983	-1.015204	-1.017050	-1.018124	-1.021246	-1.016681	-1.013324	-1.030881	-1.015573	
0.560000	-1.044326	-1.041353	-1.050991	-1.046274	-1.043643	-1.037251	-1.049761	-1.041660	-1.045728	-1.042036	-1.035610	-1.046924	-1.045352	-1.051162	-1.042104	-1.043745	-1.052017	-1.044873	-1.045181	-1.044429	-1.051948	-1.045659	-1.056152	-1.043130	-1.046616	-1.045181	-1.050820	-1.046992	-1.044531	-1.048804	-1.032056	-1.046069	-1.050205	-1.035234	-1.050273	-1.040327	-1.044395	-1.037695	-1.044121	-1.044224	-1.044292	-1.050752	-1.040430	-1.043096	-1.049282	-1.048120	-1.041353	-1.048257	-1.043643	-1.052461	
0.570000	-1.078248	-1.072820	-1.064680	-1.080092	-1.075464	-1.071359	-1.069202	-1.077969	-1.070663	-1.074838	-1.067706	-1.072125	-1.074351	-1.073551	-1.070490	-1.069481	-1.071151	-1.063079	-1.067358	-1.065306	-1.065549	-1.068333	-1.070837	-1.069446	-1.075221	-1.073342	-1.066419	-1.071603	-1.072716	-1.069063	-1.069307	-1.074073	-1.071464	-1.073899	-1.066663	-1.067532	-1.067324	-1.066697	-1.069585	-1.068541	-1.062418	-1.070663	-1.066384	-1.063879	-1.071324	-1.074108	-1.072159	-1.075778	-1.069411	-1.067324	
0.580000	-1.087146	-1.099395	-1.099111	-1.099572	-1.098439	-1.096740	-1.089589	-1.095040	-1.098474	-1.095076	-1.091536	-1.095182	-1.092456	-1.097660	-1.097341	-1.099926	-1.104882	-1.097872	-1.106510	-1.089801	-1.090580	-1.088173	-1.091642	-1.095217	-1.102085	-1.088633	-1.093376	-1.099076	-1.094084	-1.099147	-1.094438	-1.103076	-1.093978	-1.096421	-1.094438	-1.093058	-1.095571	-1.094120	-1.093022	-1.094474	-1.087748	-1.097094	-1.092881	-1.095323	-1.090367	-1.100634	-1.091925	-1.102687	-1.092739	-1.096138	
0.590000	-1.122815	-1.114713	-1.112516	-1.121843	-1.125876	-1.119250	-1.126704	-1.123391	-1.127964	-1.119286	-1.118890	-1.118962	-1.114532	-1.122959	-1.125588	-1.120186	-1.124147	-1.127604	-1.123283	-1.122707	-1.116621	-1.117701	-1.120726	-1.115325	-1.115901	-1.118458	-1.114641	-1.121014	-1.122095	-1.123787	-1.110823	-1.119322	-1.124111	-1.122023	-1.126848	-1.115325	-1.121627	-1.117737	-1.129189	-1.116837	-1.122743	-1.120042	-1.119034	-1.123031	-1.112012	-1.121086	-1.121555	-1.124435	-1.119106	-1.116189	
