50.000000	-0.023438	0.01028645833333333300
49.900000	0.039063	0.00878906250000000000
49.800000	-0.019531	-0.00039062500000000002
49.700000	0.003906	0.00904947916666666750
49.600000	-0.003906	0.00592447916666666640
49.500000	-0.070313	0.00566406249999999980
49.400000	0.017578	0.00240885416666666680
49.300000	0.056641	0.01302083333333333400
49.200000	0.048828	0.01822916666666666800
49.100000	0.041016	0.00904947916666666750
49.000000	0.035156	0.00527343750000000030
48.900000	0.005859	0.00638020833333333320
48.800000	0.000000	0.00683593750000000000
48.700000	0.033203	0.00761718749999999980
48.600000	-0.042969	0.00182291666666666670
48.500000	0.021484	0.00820312500000000030
48.400000	0.015625	0.00768229166666666630
48.300000	-0.070313	0.00976562500000000000
48.200000	0.000000	0.00944010416666666610
48.100000	0.009766	0.00846354166666666610
48.000000	-0.050781	0.01048177083333333300
47.900000	0.007813	0.01438802083333333300
47.800000	-0.005859	0.01100260416666666700
47.700000	0.074219	0.00683593750000000000
47.600000	0.003906	0.01276041666666666600
47.500000	0.031250	0.01035156250000000000
47.400000	-0.019531	0.01516927083333333300
47.300000	0.003906	0.00787760416666666640
47.200000	0.000000	0.01842447916666666700
47.100000	0.027344	0.02395833333333333500
47.000000	0.025391	0.01158854166666666700
46.900000	-0.013672	0.01126302083333333300
46.800000	-0.048828	-0.00026041666666666666
46.700000	0.050781	0.01028645833333333300
46.600000	-0.033203	0.00410156250000000020
46.500000	-0.001953	0.00950520833333333250
46.400000	0.019531	0.01295572916666666700
46.300000	-0.035156	0.01158854166666666700
46.200000	0.042969	0.00514322916666666660
46.100000	0.007813	0.01484374999999999900
46.000000	0.000000	0.00423177083333333300
45.900000	0.021484	0.00794270833333333290
45.800000	-0.011719	0.00911458333333333390
45.700000	0.019531	0.01516927083333333300
45.600000	-0.023438	0.00286458333333333310
45.500000	-0.046875	0.01360677083333333400
45.400000	0.000000	-0.00065104166666666663
45.300000	0.050781	0.01250000000000000100
45.200000	-0.060547	-0.00117187500000000000
45.100000	0.082031	0.00598958333333333370
45.000000	-0.041016	0.01093749999999999900
44.900000	0.031250	0.01686197916666666600
44.800000	-0.009766	0.01575520833333333300
44.700000	0.058594	0.01725260416666666800
44.600000	0.062500	0.01816406250000000100
44.500000	0.035156	0.01412760416666666700
44.400000	-0.035156	0.00468749999999999980
44.300000	0.021484	0.00104166666666666670
44.200000	-0.029297	0.01015625000000000000
44.100000	0.021484	0.00345052083333333320
44.000000	-0.044922	0.01770833333333333300
43.900000	0.015625	0.01204427083333333400
43.800000	0.033203	0.01458333333333333400
43.700000	-0.009766	0.00546874999999999970
43.600000	0.015625	0.01927083333333333400
43.500000	-0.054688	0.02291666666666666500
43.400000	-0.013672	0.01360677083333333400
43.300000	-0.025391	0.01627604166666666800
43.200000	0.031250	0.02239583333333333400
43.100000	-0.025391	-0.00260416666666666650
43.000000	-0.003906	0.00937499999999999970
42.900000	0.099609	0.00664062499999999980
42.800000	-0.011719	0.01171875000000000000
42.700000	0.013672	0.01178385416666666600
42.600000	-0.017578	0.00989583333333333290
42.500000	-0.037109	0.00123697916666666660
42.400000	-0.009766	0.00677083333333333360
42.300000	0.015625	0.01015625000000000000
42.200000	0.000000	0.01692708333333333200
42.100000	0.027344	0.01302083333333333400
42.000000	0.021484	0.00937499999999999970
41.900000	-0.015625	0.00625000000000000030
41.800000	0.027344	0.01106770833333333400
41.700000	-0.013672	0.01080729166666666600
41.600000	-0.015625	0.00501302083333333370
41.500000	-0.005859	0.01067708333333333400
41.400000	0.066406	0.01406250000000000000
41.300000	0.066406	0.02285156249999999900
41.200000	-0.003906	0.00520833333333333300
41.100000	-0.011719	0.01998697916666666500
41.000000	0.074219	0.01471354166666666600
40.900000	-0.009766	0.01171875000000000000
40.800000	0.039063	0.01757812500000000000
40.700000	0.027344	0.01555989583333333400
40.600000	0.056641	0.01197916666666666700
40.500000	-0.017578	0.00735677083333333320
40.400000	-0.015625	0.00657552083333333340
40.300000	0.001953	0.02141927083333333400
40.200000	-0.058594	-0.00084635416666666670
40.100000	0.001953	0.01412760416666666700
40.000000	-0.023438	0.00885416666666666640
39.900000	0.054688	0.01940104166666666700
39.800000	0.042969	0.01132812500000000000
39.700000	0.009766	0.01328125000000000000
39.600000	-0.027344	0.00911458333333333390
39.500000	-0.033203	0.00325520833333333350
39.400000	0.042969	0.00638020833333333320
39.300000	0.029297	0.01627604166666666800
39.200000	0.023438	0.01484374999999999900
39.100000	0.013672	0.00755208333333333340
39.000000	-0.011719	0.01217447916666666700
38.900000	0.068359	0.02083333333333333200
38.800000	0.029297	0.00930989583333333320
38.700000	0.003906	0.01927083333333333400
38.600000	0.033203	0.00735677083333333320
38.500000	0.025391	0.01692708333333333200
38.400000	0.072266	0.01744791666666666700
38.300000	0.013672	0.00904947916666666750
38.200000	0.076172	0.01634114583333333400
38.100000	0.050781	0.02141927083333333400
38.000000	0.017578	0.00852864583333333250
37.900000	-0.042969	0.00644531249999999970
37.800000	0.029297	0.00742187499999999970
37.700000	0.011719	0.01764322916666666600
37.600000	0.058594	0.01106770833333333400
37.500000	-0.017578	0.00800781249999999930
37.400000	-0.019531	0.00078125000000000004
37.300000	0.042969	0.01230468750000000000
37.200000	-0.011719	0.01035156250000000000
37.100000	0.007813	0.01041666666666666600
37.000000	0.015625	0.01549479166666666700
36.900000	0.046875	0.01041666666666666600
36.800000	0.062500	0.01555989583333333400
36.700000	0.011719	0.02408854166666666800
36.600000	-0.015625	0.01308593750000000000
36.500000	0.037109	0.01803385416666666500
36.400000	0.001953	0.01022135416666666700
36.300000	0.044922	0.00677083333333333360
36.200000	0.041016	0.01354166666666666700
36.100000	0.015625	0.01184895833333333300
36.000000	-0.009766	0.00983072916666666640
35.900000	-0.009766	0.01302083333333333400
35.800000	-0.033203	0.01757812500000000000
35.700000	-0.042969	0.02356770833333333300
35.600000	0.005859	0.01536458333333333300
35.500000	-0.041016	0.01328125000000000000
35.400000	0.021484	0.01731770833333333400
35.300000	-0.039063	0.01783854166666666600
35.200000	0.037109	0.02018229166666666800
35.100000	0.009766	0.00865885416666666710
35.000000	0.011719	0.02128906250000000100
34.900000	0.052734	0.02063802083333333300
34.800000	0.035156	0.01354166666666666700
34.700000	0.013672	0.00423177083333333300
34.600000	0.015625	0.00963541666666666710
34.500000	-0.003906	0.01555989583333333400
34.400000	0.041016	0.00813802083333333390
34.300000	-0.037109	0.00891927083333333290
34.200000	0.031250	0.01438802083333333300
34.100000	-0.046875	0.01634114583333333400
34.000000	0.005859	0.01308593750000000000
33.900000	0.052734	0.01640625000000000100
33.800000	0.058594	0.01022135416666666700
33.700000	-0.023438	0.00970052083333333360
33.600000	0.033203	0.01373697916666666600
33.500000	0.041016	0.01373697916666666600
33.400000	0.066406	0.01575520833333333300
33.300000	0.013672	0.01842447916666666700
33.200000	0.025391	0.00436197916666666680
33.100000	-0.011719	0.00787760416666666640
33.000000	0.003906	0.01002604166666666700
32.900000	0.033203	0.00787760416666666640
32.800000	0.064453	0.02721354166666666700
32.700000	0.074219	0.02363281249999999900
32.600000	-0.017578	0.01894531249999999900
32.500000	0.021484	0.01490885416666666700
32.400000	0.021484	0.01197916666666666700
32.300000	0.017578	0.00813802083333333390
32.200000	0.017578	0.02669270833333333200
32.100000	0.039063	0.02662760416666666600
32.000000	0.023438	0.01634114583333333400
31.900000	0.041016	0.01386718749999999900
31.800000	-0.039063	0.00761718749999999980
31.700000	0.023438	0.01093749999999999900
31.600000	0.039063	0.00957031250000000070
31.500000	-0.009766	0.01536458333333333300
31.400000	0.044922	0.02194010416666666500
31.300000	0.015625	0.01959635416666666600
31.200000	0.000000	0.01503906250000000000
31.100000	-0.031250	0.01562500000000000000
31.000000	0.015625	0.01777343749999999900
30.900000	0.019531	0.01074218750000000000
30.800000	0.007813	0.00930989583333333320
30.700000	0.029297	0.00533854166666666680
30.600000	0.031250	0.01354166666666666700
30.500000	0.021484	0.02389322916666666500
30.400000	-0.019531	0.01959635416666666600
30.300000	0.041016	0.01914062500000000100
30.200000	0.015625	0.01347656250000000100
30.100000	0.060547	0.01679687499999999900
30.000000	0.027344	0.01204427083333333400
29.900000	0.033203	0.01894531249999999900
29.800000	0.011719	0.01210937500000000000
29.700000	0.021484	0.01966145833333333300
29.600000	-0.019531	0.01699218749999999900
29.500000	0.003906	0.02135416666666666700
29.400000	-0.015625	0.01529947916666666600
29.300000	-0.062500	0.01503906250000000000
29.200000	0.017578	0.01223958333333333300
29.100000	0.005859	0.01243489583333333300
29.000000	0.001953	0.01777343749999999900
28.900000	-0.029297	0.01510416666666666700
28.800000	-0.035156	0.01132812500000000000
28.700000	-0.013672	0.00807291666666666750
28.600000	0.019531	0.01165364583333333400
28.500000	0.052734	0.01640625000000000100
28.400000	0.005859	0.00449218749999999970
28.300000	-0.023438	0.02167968749999999900
28.200000	0.001953	0.01041666666666666600
28.100000	-0.035156	0.00904947916666666750
28.000000	0.058594	0.01230468750000000000
27.900000	0.000000	0.01985677083333333200
27.800000	0.037109	0.00611979166666666660
27.700000	0.011719	0.01386718749999999900
27.600000	0.064453	0.02669270833333333200
27.500000	0.027344	0.01328125000000000000
27.400000	0.046875	0.01464843750000000000
27.300000	-0.019531	0.01634114583333333400
27.200000	0.070313	0.02317708333333333400
27.100000	0.054688	0.01549479166666666700
27.000000	-0.013672	0.02024739583333333400
26.900000	0.021484	0.01699218749999999900
26.800000	0.048828	0.02161458333333333300
26.700000	0.041016	0.01953125000000000000
26.600000	0.062500	0.01080729166666666600
26.500000	0.058594	0.01966145833333333300
26.400000	-0.001953	0.01679687499999999900
26.300000	0.025391	0.02363281249999999900
26.200000	0.025391	0.01451822916666666700
26.100000	0.007813	0.01673177083333333300
26.000000	0.011719	0.01184895833333333300
25.900000	-0.009766	0.02832031250000000000
25.800000	0.046875	0.01927083333333333400
25.700000	0.025391	0.01809895833333333500
25.600000	0.021484	0.02682291666666666500
25.500000	0.005859	0.01816406250000000100
25.400000	0.080078	0.01972656249999999900
25.300000	0.017578	0.01953125000000000000
25.200000	0.009766	0.01927083333333333400
25.100000	-0.039063	0.01927083333333333400
25.000000	-0.042969	0.01360677083333333400
24.900000	-0.013672	0.02337239583333333400
24.800000	0.052734	0.02903645833333333400
24.700000	0.009766	0.01451822916666666700
24.600000	-0.035156	0.01914062500000000100
24.500000	-0.007813	0.02096354166666666500
24.400000	0.019531	0.02180989583333333200
24.300000	0.041016	0.02174479166666666600
24.200000	0.025391	0.02597656250000000100
24.100000	0.025391	0.01835937500000000100
24.000000	0.068359	0.02597656250000000100
23.900000	0.003906	0.01015625000000000000
23.800000	0.054688	0.02154947916666666600
23.700000	-0.017578	0.01822916666666666800
23.600000	0.011719	0.01510416666666666700
23.500000	-0.021484	0.02382812499999999900
23.400000	0.039063	0.02350260416666666600
23.300000	-0.033203	0.01575520833333333300
23.200000	0.007813	0.01582031249999999900
23.100000	-0.005859	0.01555989583333333400
23.000000	0.023438	0.01744791666666666700
22.900000	-0.025391	0.01178385416666666600
22.800000	0.060547	0.01477864583333333300
22.700000	-0.023438	0.01041666666666666600
22.600000	-0.021484	0.01666666666666666600
22.500000	-0.003906	0.02708333333333333400
22.400000	0.046875	0.01888020833333333200
22.300000	-0.058594	0.02031250000000000100
22.200000	0.082031	0.01425781250000000000
22.100000	0.021484	0.02207031250000000100
22.000000	0.048828	0.02337239583333333400
21.900000	-0.019531	0.01901041666666666500
21.800000	0.082031	0.01373697916666666600
21.700000	-0.007813	0.02330729166666666700
21.600000	0.029297	0.01360677083333333400
21.500000	0.125000	0.03001302083333333400
21.400000	0.048828	0.01861979166666666600
21.300000	0.015625	0.02877604166666666500
21.200000	0.050781	0.01757812500000000000
21.100000	0.039063	0.02760416666666666600
21.000000	0.048828	0.02044270833333333400
20.900000	0.013672	0.03359374999999999900
20.800000	-0.044922	0.02454427083333333300
20.700000	0.044922	0.02760416666666666600
20.600000	0.019531	0.02174479166666666600
20.500000	-0.007813	0.01380208333333333300
20.400000	0.023438	0.02701822916666666800
20.300000	0.074219	0.02174479166666666600
20.200000	0.003906	0.02324218750000000100
20.100000	0.044922	0.03372395833333333100
20.000000	0.064453	0.02805989583333333400
19.900000	0.015625	0.02630208333333333400
19.800000	0.015625	0.02597656250000000100
19.700000	0.027344	0.02578124999999999900
19.600000	-0.003906	0.02233072916666666700
19.500000	0.025391	0.01673177083333333300
19.400000	-0.001953	0.03424479166666667000
19.300000	0.044922	0.02050781250000000000
19.200000	0.023438	0.01315104166666666700
19.100000	-0.009766	0.01868489583333333300
19.000000	-0.015625	0.02135416666666666700
18.900000	0.031250	0.02180989583333333200
18.800000	0.027344	0.01966145833333333300
18.700000	0.052734	0.02447916666666666600
18.600000	0.005859	0.01582031249999999900
18.500000	-0.005859	0.01412760416666666700
18.400000	0.000000	0.01692708333333333200
18.300000	-0.035156	0.02545572916666666600
18.200000	0.007813	0.02141927083333333400
18.100000	0.066406	0.02675781249999999900
18.000000	0.052734	0.02057291666666666600
17.900000	0.035156	0.02890625000000000100
17.800000	-0.011719	0.01829427083333333400
17.700000	-0.035156	0.02005208333333333500
17.600000	0.000000	0.02428385416666666700
17.500000	-0.001953	0.01712239583333333500
17.400000	0.005859	0.02597656250000000100
17.300000	0.023438	0.01464843750000000000
17.200000	0.035156	0.03691406249999999700
17.100000	0.013672	0.02376302083333333200
17.000000	-0.005859	0.02369791666666666600
16.900000	0.050781	0.02311197916666666800
16.800000	0.005859	0.02591145833333333500
16.700000	-0.041016	0.02089843749999999900
16.600000	-0.007813	0.02597656250000000100
16.500000	0.056641	0.02786458333333333500
16.400000	0.021484	0.02838541666666666600
16.300000	-0.005859	0.02539062500000000000
16.200000	0.009766	0.02473958333333333200
16.100000	0.052734	0.03059895833333333200
16.000000	0.087891	0.02903645833333333400
15.900000	-0.003906	0.02233072916666666700
15.800000	0.046875	0.02441406250000000000
15.700000	-0.001953	0.02805989583333333400
15.600000	-0.023438	0.03652343749999999900
15.500000	0.009766	0.03229166666666667000
15.400000	0.082031	0.02174479166666666600
15.300000	-0.007813	0.03313802083333333000
15.200000	0.041016	0.03828125000000000300
15.100000	0.009766	0.02682291666666666500
15.000000	0.035156	0.02845052083333333300
14.900000	0.046875	0.02903645833333333400
14.800000	0.078125	0.03033854166666666600
14.700000	0.052734	0.03209635416666666700
14.600000	0.058594	0.03333333333333333300
14.500000	0.013672	0.02923177083333333400
14.400000	0.015625	0.03313802083333333000
14.300000	0.011719	0.03359374999999999900
14.200000	0.023438	0.03652343749999999900
14.100000	0.078125	0.03125000000000000000
14.000000	0.056641	0.02591145833333333500
13.900000	0.041016	0.02721354166666666700
13.800000	0.048828	0.04407552083333333300
13.700000	0.050781	0.03255208333333333600
13.600000	0.080078	0.03320312500000000000
13.500000	0.052734	0.03567708333333333100
13.400000	0.025391	0.02688802083333333500
13.300000	0.042969	0.04615885416666666600
13.200000	0.046875	0.02910156250000000100
13.100000	0.005859	0.02701822916666666800
13.000000	0.019531	0.03352864583333333600
12.900000	0.070313	0.02871093749999999900
12.800000	0.064453	0.03131510416666667000
12.700000	0.046875	0.03906250000000000000
12.600000	0.052734	0.03776041666666666400
12.500000	0.046875	0.03802083333333333000
12.400000	0.058594	0.03242187500000000300
12.300000	0.072266	0.02753906249999999900
12.200000	0.041016	0.02395833333333333500
12.100000	0.085938	0.03697916666666666700
12.000000	0.033203	0.03105468750000000100
11.900000	0.019531	0.02200520833333333500
11.800000	0.017578	0.02897135416666666800
11.700000	0.039063	0.03841145833333333600
11.600000	0.031250	0.04042968749999999900
11.500000	0.037109	0.03684895833333333400
11.400000	0.023438	0.03320312500000000000
11.300000	0.013672	0.03522135416666667000
11.200000	0.013672	0.03697916666666666700
11.100000	0.025391	0.02936197916666666600
11.000000	-0.003906	0.03444010416666666600
10.900000	0.011719	0.03704427083333333000
10.800000	-0.003906	0.04049479166666666900
10.700000	0.029297	0.03424479166666667000
10.600000	0.033203	0.03417968750000000000
10.500000	0.017578	0.03723958333333333300
10.400000	0.064453	0.04082031249999999700
10.300000	0.033203	0.03632812500000000300
10.200000	0.054688	0.03411458333333333000
10.100000	0.000000	0.03938802083333333600
10.000000	0.082031	0.04628906249999999900
9.900000	0.021484	0.03098958333333333400
9.800000	0.056641	0.03997395833333333000
9.700000	0.044922	0.04596354166666667000
9.600000	0.039063	0.03463541666666666900
9.500000	-0.021484	0.03177083333333333100
9.400000	0.056641	0.04472656249999999700
9.300000	0.062500	0.04661458333333333400
9.200000	0.062500	0.03430989583333333300
9.100000	0.050781	0.03964843750000000100
9.000000	0.062500	0.04772135416666666700
8.900000	0.062500	0.04114583333333333300
8.800000	0.068359	0.04628906249999999900
8.700000	0.050781	0.04205729166666667000
8.600000	0.042969	0.04205729166666667000
8.500000	0.050781	0.04055989583333333100
8.400000	0.009766	0.04882812500000000000
8.300000	0.011719	0.04296875000000000000
8.200000	0.001953	0.04225260416666666600
8.100000	0.052734	0.05709635416666666900
8.000000	0.085938	0.05045572916666666400
7.900000	0.064453	0.04934895833333333100
7.800000	0.021484	0.04804687500000000300
7.700000	0.068359	0.05345052083333333400
7.600000	0.062500	0.04654947916666666400
7.500000	0.062500	0.04785156250000000000
7.400000	0.007813	0.04374999999999999700
7.300000	0.076172	0.05162760416666666700
7.200000	0.062500	0.04765624999999999700
7.100000	0.058594	0.05013020833333333600
7.000000	0.031250	0.05891927083333333600
6.900000	0.068359	0.05143229166666666400
6.800000	0.042969	0.05651041666666666700
6.700000	0.064453	0.05078125000000000000
6.600000	0.074219	0.04557291666666666400
6.500000	0.039063	0.05839843749999999700
6.400000	0.113281	0.06197916666666666900
6.300000	0.041016	0.05149739583333333400
6.200000	0.093750	0.05911458333333333100
6.100000	0.080078	0.06106770833333333100
6.000000	0.054688	0.05292968750000000300
5.900000	0.066406	0.05729166666666666400
5.800000	0.060547	0.06048177083333333000
5.700000	0.056641	0.05273437500000000000
5.600000	0.058594	0.06386718750000000600
5.500000	0.070313	0.05507812499999999900
5.400000	0.085938	0.06490885416666666900
5.300000	0.074219	0.05924479166666666400
5.200000	0.078125	0.06888020833333333100
5.100000	0.039063	0.06028645833333333400
5.000000	0.054688	0.06601562499999999400
4.900000	0.019531	0.07441406250000000300
4.800000	0.029297	0.06425781249999999700
4.700000	0.048828	0.07148437500000000300
4.600000	0.064453	0.06705729166666667100
4.500000	0.105469	0.06621093749999999700
4.400000	0.083984	0.07513020833333333700
4.300000	0.101563	0.06419270833333333400
4.200000	0.091797	0.07447916666666666600
4.100000	0.126953	0.07578124999999999400
4.000000	0.109375	0.07610677083333333700
3.900000	0.105469	0.07545572916666666600
3.800000	0.130859	0.07421875000000000000
3.700000	0.060547	0.07571614583333333100
3.600000	0.091797	0.07955729166666666900
3.500000	0.058594	0.07845052083333332900
3.400000	0.082031	0.07552083333333332900
3.300000	0.095703	0.08333333333333332900
3.200000	0.134766	0.08320312500000000300
3.100000	0.103516	0.08092447916666666000
3.000000	0.072266	0.08912760416666666600
2.900000	0.072266	0.09355468749999999700
2.800000	0.085938	0.08020833333333334000
2.700000	0.113281	0.09251302083333333400
2.600000	0.089844	0.08574218749999999700
2.500000	0.140625	0.08912760416666666600
2.400000	0.087891	0.09082031250000000000
2.300000	0.095703	0.08424479166666666600
2.200000	0.113281	0.09446614583333333400
2.100000	0.064453	0.08776041666666666000
2.000000	0.101563	0.09648437499999999700
1.900000	0.082031	0.08834635416666666900
1.800000	0.093750	0.08984375000000000000
1.700000	0.085938	0.09036458333333333100
1.600000	0.083984	0.08489583333333333700
1.500000	0.083984	0.08085937499999999700
1.400000	0.064453	0.06751302083333334000
1.300000	0.052734	0.05097656250000000300
1.200000	0.037109	0.03867187500000000100
1.100000	0.015625	0.02617187500000000100
1.000000	0.017578	0.02057291666666666600
0.900000	0.019531	0.01315104166666666700
0.800000	0.007813	0.00859375000000000070
0.700000	0.007813	0.00397135416666666640
0.600000	0.001953	0.00227864583333333350
0.500000	0.000000	0.00078125000000000004
0.400000	0.000000	0.00013020833333333333
0.300000	0.000000	0.00000000000000000000
0.200000	0.000000	0.00000000000000000000
0.100000	0.000000	-0.00006510416666666667
