50.000000	-0.015625	0.02058593749999999800
49.900000	-0.021484	0.01125000000000000000
49.800000	0.019531	0.02207031250000000100
49.700000	0.017578	0.02015625000000000100
49.600000	-0.023438	0.01242187500000000100
49.500000	-0.021484	0.01925781249999999900
49.400000	0.027344	0.02175781250000000100
49.300000	-0.007813	0.01667968749999999800
49.200000	-0.041016	0.01730468749999999900
49.100000	0.052734	0.01601562499999999900
49.000000	0.015625	0.02039062499999999900
48.900000	0.005859	0.01363281250000000100
48.800000	0.068359	0.01878906249999999800
48.700000	0.054688	0.01878906249999999800
48.600000	-0.005859	0.01285156250000000000
48.500000	-0.019531	0.01671875000000000100
48.400000	-0.044922	0.01800781250000000100
48.300000	0.050781	0.01703125000000000100
48.200000	-0.007813	0.01308593750000000000
48.100000	0.005859	0.01832031250000000200
48.000000	0.027344	0.01644531250000000000
47.900000	-0.021484	0.01867187500000000100
47.800000	0.035156	0.01292968750000000000
47.700000	0.031250	0.02249999999999999900
47.600000	0.001953	0.01339843750000000100
47.500000	0.007813	0.02484375000000000100
47.400000	-0.009766	0.01851562500000000100
47.300000	0.035156	0.02109375000000000100
47.200000	0.031250	0.01300781250000000000
47.100000	0.015625	0.02343750000000000000
47.000000	-0.013672	0.01921875000000000000
46.900000	-0.001953	0.02046875000000000100
46.800000	0.027344	0.01816406250000000100
46.700000	0.056641	0.01699218749999999900
46.600000	0.015625	0.02160156250000000100
46.500000	0.009766	0.01871093750000000000
46.400000	0.000000	0.02343750000000000000
46.300000	0.037109	0.02277343750000000000
46.200000	0.062500	0.02273437500000000100
46.100000	0.021484	0.01898437500000000100
46.000000	0.011719	0.02207031250000000100
45.900000	0.058594	0.02062500000000000100
45.800000	-0.009766	0.02335937500000000200
45.700000	-0.041016	0.01839843750000000000
45.600000	-0.003906	0.02125000000000000200
45.500000	-0.009766	0.01953125000000000000
45.400000	0.035156	0.01507812500000000000
45.300000	-0.005859	0.01445312500000000100
45.200000	-0.025391	0.02058593749999999800
45.100000	0.072266	0.01105468750000000000
45.000000	-0.013672	0.02007812499999999900
44.900000	0.003906	0.01984375000000000000
44.800000	0.009766	0.01785156250000000100
44.700000	0.001953	0.02105468749999999900
44.600000	0.027344	0.02101562500000000000
44.500000	0.068359	0.01460937500000000100
44.400000	0.017578	0.02050781250000000000
44.300000	0.041016	0.01343750000000000000
44.200000	-0.027344	0.01828124999999999900
44.100000	0.017578	0.02222656250000000200
44.000000	0.029297	0.02503906250000000100
43.900000	0.023438	0.02058593749999999800
43.800000	0.076172	0.02101562500000000000
43.700000	-0.013672	0.02707031249999999900
43.600000	0.039063	0.01464843750000000000
43.500000	0.027344	0.02125000000000000200
43.400000	0.005859	0.02621093750000000000
43.300000	0.029297	0.02082031250000000000
43.200000	0.021484	0.01410156250000000000
43.100000	0.044922	0.02613281250000000200
43.000000	0.005859	0.02429687499999999900
42.900000	-0.015625	0.02097656250000000000
42.800000	-0.009766	0.01472656250000000000
42.700000	0.050781	0.01699218749999999900
42.600000	0.017578	0.01925781249999999900
42.500000	0.039063	0.02355468750000000100
42.400000	0.041016	0.02191406250000000100
42.300000	0.005859	0.02632812500000000100
42.200000	0.074219	0.02332031249999999900
42.100000	0.054688	0.02624999999999999900
42.000000	0.025391	0.02355468750000000100
41.900000	0.050781	0.02304687500000000100
41.800000	0.056641	0.02750000000000000000
41.700000	0.029297	0.02339843750000000100
41.600000	0.021484	0.02199218750000000000
41.500000	0.039063	0.02648437500000000100
41.400000	0.007813	0.02019531250000000000
41.300000	0.017578	0.02042968750000000200
41.200000	0.015625	0.01621093750000000100
41.100000	0.003906	0.02265624999999999900
41.000000	-0.023438	0.02121093749999999900
40.900000	0.044922	0.01582031249999999900
40.800000	-0.001953	0.01503906250000000000
40.700000	-0.033203	0.02257812500000000100
40.600000	-0.039063	0.02480468749999999900
40.500000	-0.025391	0.00937499999999999970
40.400000	0.015625	0.02292968750000000000
40.300000	0.021484	0.02085937499999999900
40.200000	0.025391	0.02363281249999999900
40.100000	0.099609	0.02226562500000000100
40.000000	-0.023438	0.01812499999999999900
39.900000	-0.001953	0.02066406250000000000
39.800000	0.003906	0.02570312500000000000
39.700000	-0.035156	0.02539062500000000000
39.600000	0.009766	0.02132812500000000000
39.500000	-0.011719	0.02554687500000000000
39.400000	0.031250	0.02804687499999999900
39.300000	0.050781	0.02390625000000000000
39.200000	0.013672	0.02484375000000000100
39.100000	0.025391	0.02113281250000000100
39.000000	-0.025391	0.02249999999999999900
38.900000	0.060547	0.02339843750000000100
38.800000	0.000000	0.01843749999999999900
38.700000	0.007813	0.03265624999999999800
38.600000	-0.019531	0.03097656249999999900
38.500000	0.052734	0.02144531250000000100
38.400000	-0.011719	0.02886718749999999900
38.300000	0.062500	0.02460937499999999900
38.200000	0.013672	0.02648437500000000100
38.100000	0.054688	0.02621093750000000000
38.000000	0.083984	0.02468750000000000100
37.900000	0.042969	0.02511718749999999900
37.800000	0.062500	0.02375000000000000000
37.700000	0.062500	0.02460937499999999900
37.600000	-0.001953	0.01703125000000000100
37.500000	0.042969	0.01945312500000000200
37.400000	0.023438	0.03367187499999999700
37.300000	0.037109	0.02472656250000000000
37.200000	-0.001953	0.01871093750000000000
37.100000	0.037109	0.02621093750000000000
37.000000	0.056641	0.02816406250000000000
36.900000	0.000000	0.02339843750000000100
36.800000	0.009766	0.02601562500000000100
36.700000	0.027344	0.03113281249999999900
36.600000	0.025391	0.01980468750000000100
36.500000	0.048828	0.03226562499999999900
36.400000	0.056641	0.02636718750000000000
36.300000	-0.015625	0.02746093750000000100
36.200000	0.001953	0.02464843749999999800
36.100000	-0.011719	0.02449218749999999800
36.000000	0.050781	0.02960937500000000000
35.900000	0.052734	0.02433593750000000200
35.800000	0.017578	0.02324218750000000100
35.700000	0.001953	0.01929687500000000200
35.600000	0.029297	0.03246093750000000200
35.500000	-0.013672	0.02476562499999999900
35.400000	0.001953	0.02421875000000000100
35.300000	0.035156	0.02804687499999999900
35.200000	0.037109	0.02593749999999999900
35.100000	0.027344	0.03453124999999999900
35.000000	0.054688	0.03054687500000000100
34.900000	0.027344	0.02214843750000000000
34.800000	0.031250	0.02937499999999999800
34.700000	0.011719	0.02121093749999999900
34.600000	0.031250	0.02343750000000000000
34.500000	0.097656	0.02148437500000000000
34.400000	0.013672	0.03066406249999999900
34.300000	0.031250	0.02593749999999999900
34.200000	-0.031250	0.01648437499999999900
34.100000	0.015625	0.02804687499999999900
34.000000	0.029297	0.02402343750000000100
33.900000	0.037109	0.02421875000000000100
33.800000	0.037109	0.02089843749999999900
33.700000	-0.003906	0.02175781250000000100
33.600000	-0.015625	0.01847656250000000200
33.500000	0.019531	0.03113281249999999900
33.400000	0.021484	0.02371093750000000100
33.300000	-0.015625	0.01910156249999999900
33.200000	0.003906	0.02542968749999999900
33.100000	0.001953	0.02945312500000000000
33.000000	0.019531	0.02476562499999999900
32.900000	0.103516	0.02277343750000000000
32.800000	0.009766	0.02285156249999999900
32.700000	0.093750	0.03019531250000000200
32.600000	-0.019531	0.02269531249999999800
32.500000	0.039063	0.02500000000000000100
32.400000	0.021484	0.02566406250000000100
32.300000	-0.005859	0.03457031249999999900
32.200000	0.003906	0.03582031250000000000
32.100000	0.050781	0.02210937500000000100
32.000000	0.050781	0.02589843750000000000
31.900000	0.029297	0.02253906249999999800
31.800000	0.017578	0.03039062500000000100
31.700000	0.001953	0.02753906249999999900
31.600000	0.066406	0.03097656249999999900
31.500000	-0.021484	0.02375000000000000000
31.400000	0.033203	0.02667968750000000000
31.300000	0.019531	0.02320312500000000200
31.200000	0.019531	0.02722656249999999900
31.100000	0.111328	0.03496093749999999700
31.000000	0.007813	0.02558593749999999900
30.900000	0.003906	0.02519531250000000100
30.800000	0.039063	0.02742187499999999800
30.700000	0.048828	0.03105468750000000100
30.600000	0.052734	0.02828125000000000100
30.500000	0.050781	0.02933593749999999900
30.400000	0.041016	0.03031249999999999900
30.300000	0.041016	0.02328125000000000000
30.200000	0.089844	0.02429687499999999900
30.100000	-0.007813	0.02675781249999999900
30.000000	0.039063	0.02750000000000000000
29.900000	0.041016	0.02789062499999999900
29.800000	0.015625	0.02964843749999999900
29.700000	0.019531	0.02398437499999999900
29.600000	0.078125	0.03308593750000000200
29.500000	0.007813	0.03386718750000000000
29.400000	0.046875	0.02730468750000000100
29.300000	0.037109	0.03738281250000000100
29.200000	0.011719	0.02835937499999999900
29.100000	0.054688	0.02558593749999999900
29.000000	0.000000	0.03109375000000000000
28.900000	0.027344	0.02644531249999999800
28.800000	0.007813	0.02464843749999999800
28.700000	0.037109	0.03562499999999999700
28.600000	0.035156	0.02519531250000000100
28.500000	0.033203	0.02812500000000000100
28.400000	0.041016	0.02933593749999999900
28.300000	-0.009766	0.02871093749999999900
28.200000	0.025391	0.02835937499999999900
28.100000	0.027344	0.03324218749999999900
28.000000	0.062500	0.02750000000000000000
27.900000	0.033203	0.03218750000000000100
27.800000	0.074219	0.02410156250000000000
27.700000	0.023438	0.03601562500000000200
27.600000	0.085938	0.03343750000000000200
27.500000	-0.007813	0.03312500000000000200
27.400000	0.042969	0.03242187500000000300
27.300000	0.023438	0.03699218750000000200
27.200000	0.048828	0.03433593749999999700
27.100000	0.019531	0.02714843750000000100
27.000000	0.058594	0.02769531249999999900
26.900000	-0.011719	0.03035156249999999800
26.800000	0.082031	0.02726562500000000200
26.700000	-0.013672	0.02835937499999999900
26.600000	0.050781	0.03382812500000000100
26.500000	0.027344	0.03574218750000000100
26.400000	0.029297	0.03683593749999999900
26.300000	0.048828	0.03125000000000000000
26.200000	0.070313	0.03703125000000000200
26.100000	0.029297	0.03203124999999999700
26.000000	0.027344	0.03417968750000000000
25.900000	0.027344	0.03457031249999999900
25.800000	0.035156	0.03050781249999999800
25.700000	0.048828	0.02800781250000000000
25.600000	0.025391	0.02066406250000000000
25.500000	0.005859	0.02937499999999999800
25.400000	-0.046875	0.03480468750000000100
25.300000	0.017578	0.03417968750000000000
25.200000	0.070313	0.04109374999999999800
25.100000	0.033203	0.03042968750000000000
25.000000	-0.033203	0.03292968749999999900
24.900000	-0.027344	0.03273437500000000300
24.800000	0.062500	0.03617187499999999900
24.700000	0.044922	0.03597656250000000300
24.600000	0.054688	0.03207031250000000300
24.500000	0.041016	0.03636718750000000200
24.400000	0.009766	0.03082031249999999900
24.300000	0.011719	0.03246093750000000200
24.200000	0.050781	0.05007812500000000100
24.100000	-0.017578	0.03257812499999999900
24.000000	0.031250	0.03636718750000000200
23.900000	0.070313	0.03425781249999999800
23.800000	0.058594	0.03644531250000000000
23.700000	0.058594	0.04242187499999999800
23.600000	0.060547	0.04031250000000000100
23.500000	0.017578	0.04613281250000000200
23.400000	0.039063	0.03988281250000000300
23.300000	0.058594	0.02847656250000000000
23.200000	0.048828	0.03246093750000000200
23.100000	0.015625	0.03132812499999999800
23.000000	0.033203	0.04265625000000000000
22.900000	0.048828	0.03417968750000000000
22.800000	0.054688	0.03511718750000000100
22.700000	0.091797	0.04019531249999999700
22.600000	-0.011719	0.03636718750000000200
22.500000	0.048828	0.03054687500000000100
22.400000	0.025391	0.03972656250000000000
22.300000	0.048828	0.03859375000000000300
22.200000	0.054688	0.03601562500000000200
22.100000	0.017578	0.04003906250000000000
22.000000	0.085938	0.03640625000000000100
21.900000	0.056641	0.03648437499999999900
21.800000	0.066406	0.04210937499999999800
21.700000	0.070313	0.04035156250000000000
21.600000	0.066406	0.04210937499999999800
21.500000	-0.017578	0.04031250000000000100
21.400000	0.033203	0.04109374999999999800
21.300000	0.091797	0.04449218750000000200
21.200000	0.048828	0.04355468750000000100
21.100000	0.007813	0.04546875000000000200
21.000000	-0.003906	0.03515625000000000000
20.900000	0.031250	0.04789062499999999900
20.800000	0.041016	0.04160156250000000100
20.700000	0.011719	0.04339843749999999800
20.600000	0.011719	0.04281250000000000300
20.500000	0.039063	0.03972656250000000000
20.400000	0.000000	0.04511718750000000300
20.300000	0.031250	0.04277343749999999700
20.200000	0.000000	0.04374999999999999700
20.100000	0.025391	0.03675781250000000100
20.000000	0.054688	0.04374999999999999700
19.900000	0.029297	0.04230468750000000000
19.800000	0.052734	0.04566406249999999800
19.700000	0.031250	0.03996093750000000200
19.600000	0.048828	0.04699218749999999800
19.500000	0.035156	0.04046874999999999800
19.400000	0.029297	0.04437499999999999800
19.300000	0.062500	0.04269531249999999900
19.200000	0.052734	0.04765624999999999700
19.100000	0.060547	0.03582031250000000000
19.000000	0.080078	0.04253906250000000200
18.900000	0.033203	0.04511718750000000300
18.800000	0.033203	0.04718750000000000000
18.700000	0.046875	0.04328125000000000000
18.600000	0.027344	0.04656250000000000000
18.500000	0.009766	0.04250000000000000300
18.400000	0.078125	0.04089843750000000200
18.300000	0.005859	0.04394531250000000000
18.200000	0.031250	0.04453125000000000100
18.100000	0.035156	0.04175781249999999800
18.000000	0.099609	0.04800781249999999700
17.900000	0.013672	0.05093749999999999700
17.800000	0.044922	0.04070312500000000000
17.700000	0.039063	0.04687500000000000000
17.600000	-0.015625	0.04031250000000000100
17.500000	0.058594	0.04234374999999999900
17.400000	0.070313	0.05007812500000000100
17.300000	0.095703	0.04238281249999999900
17.200000	0.082031	0.04316406250000000300
17.100000	0.033203	0.04917968749999999900
17.000000	0.070313	0.05285156249999999800
16.900000	0.072266	0.05328125000000000200
16.800000	0.082031	0.05406249999999999900
16.700000	0.039063	0.03855468749999999700
16.600000	0.021484	0.05082031249999999900
16.500000	0.066406	0.05542968749999999800
16.400000	0.044922	0.05085937499999999800
16.300000	0.107422	0.05332031250000000100
16.200000	0.044922	0.04996093749999999700
16.100000	0.007813	0.05144531250000000000
16.000000	0.078125	0.05066406250000000200
15.900000	0.023438	0.04746093750000000100
15.800000	0.033203	0.04386718750000000200
15.700000	0.054688	0.04890624999999999800
15.600000	0.070313	0.05746093750000000300
15.500000	0.046875	0.05503906249999999900
15.400000	0.015625	0.05339843750000000000
15.300000	0.023438	0.04722656249999999900
15.200000	0.054688	0.05804687499999999800
15.100000	0.029297	0.04914062500000000000
15.000000	0.070313	0.05480468749999999800
14.900000	0.041016	0.05304687500000000000
14.800000	0.076172	0.05503906249999999900
14.700000	0.056641	0.05425781250000000200
14.600000	0.054688	0.05339843750000000000
14.500000	0.033203	0.05523437500000000200
14.400000	0.031250	0.05031250000000000300
14.300000	0.054688	0.05804687499999999800
14.200000	0.101563	0.05042968750000000100
14.100000	0.035156	0.05593750000000000100
14.000000	0.083984	0.05890625000000000000
13.900000	0.066406	0.05878906250000000300
13.800000	0.083984	0.06171875000000000300
13.700000	0.037109	0.05988281250000000000
13.600000	0.056641	0.05355468750000000300
13.500000	0.085938	0.05699218749999999900
13.400000	0.058594	0.06148437500000000100
13.300000	0.076172	0.06152343750000000000
13.200000	0.066406	0.05234375000000000100
13.100000	0.111328	0.05718750000000000200
13.000000	0.046875	0.05742187499999999700
12.900000	-0.011719	0.06070312499999999700
12.800000	0.042969	0.06351562500000000600
12.700000	0.105469	0.06011718750000000200
12.600000	0.021484	0.06062499999999999800
12.500000	0.019531	0.05691406250000000100
12.400000	0.058594	0.06500000000000000200
12.300000	0.019531	0.05855468750000000100
12.200000	0.029297	0.06449218750000000600
12.100000	0.070313	0.06085937500000000000
12.000000	0.085938	0.06156249999999999900
11.900000	0.052734	0.06828125000000000200
11.800000	0.091797	0.06414062500000000700
11.700000	0.037109	0.05941406250000000300
11.600000	0.029297	0.05757812500000000100
11.500000	0.070313	0.06406249999999999400
11.400000	0.080078	0.06500000000000000200
11.300000	0.095703	0.06738281250000000000
11.200000	0.074219	0.07535156249999999700
11.100000	0.070313	0.06976562499999999800
11.000000	0.035156	0.06589843750000000400
10.900000	0.037109	0.05851562500000000200
10.800000	0.054688	0.06539062499999999400
10.700000	0.052734	0.07476562500000000200
10.600000	0.076172	0.06613281249999999900
10.500000	0.052734	0.06976562499999999800
10.400000	0.089844	0.06574218749999999300
10.300000	0.082031	0.07535156249999999700
10.200000	0.070313	0.07355468749999999300
10.100000	0.044922	0.07066406249999999900
10.000000	0.078125	0.07374999999999999600
9.900000	0.093750	0.06886718749999999600
9.800000	0.089844	0.06847656250000000400
9.700000	0.130859	0.07257812499999999300
9.600000	0.068359	0.07199218749999999900
9.500000	0.064453	0.07480468749999999400
9.400000	0.064453	0.07851562500000000600
9.300000	0.033203	0.07425781250000000600
9.200000	0.062500	0.07851562500000000600
9.100000	0.076172	0.07796875000000000300
9.000000	0.095703	0.07718750000000000600
8.900000	0.058594	0.06863281250000000100
8.800000	0.058594	0.08117187500000000400
8.700000	0.076172	0.07769531250000000200
8.600000	0.054688	0.07460937500000000600
8.500000	0.025391	0.07941406249999999300
8.400000	0.089844	0.08234374999999999300
8.300000	0.076172	0.08238281249999999900
8.200000	0.033203	0.08546874999999999600
8.100000	0.062500	0.08285156250000000300
8.000000	0.083984	0.08140624999999999900
7.900000	0.101563	0.08410156250000000400
7.800000	0.074219	0.08511718749999999700
7.700000	0.117188	0.08792968750000000600
7.600000	0.099609	0.08832031249999999800
7.500000	0.087891	0.08871093750000000300
7.400000	0.076172	0.08425781250000000100
7.300000	0.107422	0.08230468750000000100
7.200000	0.109375	0.08769531249999999700
7.100000	0.121094	0.08749999999999999400
7.000000	0.103516	0.08675781250000000300
6.900000	0.080078	0.09472656250000000000
6.800000	0.107422	0.09210937499999999300
6.700000	0.089844	0.09003906250000000300
6.600000	0.083984	0.08816406250000000100
6.500000	0.105469	0.09546875000000000500
6.400000	0.080078	0.09390624999999999700
6.300000	0.099609	0.09972656250000000400
6.200000	0.130859	0.09714843750000000400
6.100000	0.097656	0.09832031250000000700
6.000000	0.117188	0.09238281249999999400
5.900000	0.148438	0.09589843750000000300
5.800000	0.087891	0.10687500000000000000
5.700000	0.085938	0.09542968749999999900
5.600000	0.101563	0.10207031250000000000
5.500000	0.144531	0.10531250000000000000
5.400000	0.136719	0.10457031250000000000
5.300000	0.103516	0.10156250000000000000
5.200000	0.130859	0.10437500000000000000
5.100000	0.083984	0.10238281250000000000
5.000000	0.107422	0.10511718750000000000
4.900000	0.119141	0.11011718750000000000
4.800000	0.132813	0.10863281250000000000
4.700000	0.130859	0.11171875000000001000
4.600000	0.117188	0.11046875000000000000
4.500000	0.093750	0.10980468750000000000
4.400000	0.105469	0.11351562500000000000
4.300000	0.117188	0.11417968750000000000
4.200000	0.095703	0.11660156250000001000
4.100000	0.083984	0.11398437500000000000
4.000000	0.136719	0.12160156250000000000
3.900000	0.093750	0.11550781250000000000
3.800000	0.111328	0.12335937499999999000
3.700000	0.107422	0.11648437500000000000
3.600000	0.099609	0.12152343750000000000
3.500000	0.111328	0.11839843750000000000
3.400000	0.074219	0.11792968750000000000
3.300000	0.111328	0.12140624999999999000
3.200000	0.080078	0.11808593750000000000
3.100000	0.107422	0.11945312499999999000
3.000000	0.109375	0.11886718750000000000
2.900000	0.097656	0.11730468750000000000
2.800000	0.115234	0.12328125000000000000
2.700000	0.117188	0.11878906250000000000
2.600000	0.105469	0.11855468750000001000
2.500000	0.099609	0.11468750000000000000
2.400000	0.101563	0.11238281250000000000
2.300000	0.113281	0.11093749999999999000
2.200000	0.099609	0.10488281250000001000
2.100000	0.101563	0.09472656250000000000
2.000000	0.093750	0.08738281250000000400
1.900000	0.058594	0.06714843750000000500
1.800000	0.037109	0.06015625000000000100
1.700000	0.046875	0.04644531250000000200
1.600000	0.044922	0.03468750000000000300
1.500000	0.041016	0.03218750000000000100
1.400000	0.023438	0.02359375000000000000
1.300000	0.013672	0.01777343749999999900
1.200000	0.015625	0.01281249999999999900
1.100000	0.009766	0.00886718750000000010
1.000000	0.011719	0.00570312499999999990
0.900000	0.005859	0.00300781250000000010
0.800000	0.005859	0.00195312500000000000
0.700000	0.000000	0.00054687500000000005
0.600000	0.001953	0.00027343750000000003
0.500000	0.000000	0.00003906250000000000
0.400000	0.000000	0.00000000000000000000
0.300000	0.000000	0.00000000000000000000
0.200000	0.000000	0.00003906250000000000
0.100000	0.000000	0.00000000000000000000
