10.000000	18.000000
9.990000	44.000000
9.980000	-8.000000
9.970000	0.000000
9.960000	12.000000
9.950000	12.000000
9.940000	-2.000000
9.930000	32.000000
9.920000	4.000000
9.910000	20.000000
9.900000	-10.000000
9.890000	14.000000
9.880000	32.000000
9.870000	14.000000
9.860000	38.000000
9.850000	12.000000
9.840000	34.000000
9.830000	14.000000
9.820000	24.000000
9.810000	14.000000
9.800000	12.000000
9.790000	18.000000
9.780000	34.000000
9.770000	34.000000
9.760000	20.000000
9.750000	10.000000
9.740000	24.000000
9.730000	0.000000
9.720000	26.000000
9.710000	24.000000
9.700000	14.000000
9.690000	18.000000
9.680000	26.000000
9.670000	14.000000
9.660000	28.000000
9.650000	14.000000
9.640000	20.000000
9.630000	44.000000
9.620000	32.000000
9.610000	16.000000
9.600000	46.000000
9.590000	26.000000
9.580000	2.000000
9.570000	30.000000
9.560000	32.000000
9.550000	14.000000
9.540000	10.000000
9.530000	30.000000
9.520000	28.000000
9.510000	28.000000
9.500000	40.000000
9.490000	2.000000
9.480000	32.000000
9.470000	32.000000
9.460000	16.000000
9.450000	10.000000
9.440000	12.000000
9.430000	26.000000
9.420000	26.000000
9.410000	34.000000
9.400000	18.000000
9.390000	28.000000
9.380000	34.000000
9.370000	16.000000
9.360000	20.000000
9.350000	36.000000
9.340000	-6.000000
9.330000	20.000000
9.320000	12.000000
9.310000	20.000000
9.300000	26.000000
9.290000	-8.000000
9.280000	6.000000
9.270000	6.000000
9.260000	4.000000
9.250000	12.000000
9.240000	38.000000
9.230000	18.000000
9.220000	38.000000
9.210000	14.000000
9.200000	2.000000
9.190000	-14.000000
9.180000	14.000000
9.170000	24.000000
9.160000	22.000000
9.150000	48.000000
9.140000	34.000000
9.130000	14.000000
9.120000	30.000000
9.110000	14.000000
9.100000	28.000000
9.090000	24.000000
9.080000	0.000000
9.070000	22.000000
9.060000	22.000000
9.050000	26.000000
9.040000	18.000000
9.030000	10.000000
9.020000	30.000000
9.010000	2.000000
9.000000	58.000000
8.990000	24.000000
8.980000	-10.000000
8.970000	24.000000
8.960000	2.000000
8.950000	34.000000
8.940000	38.000000
8.930000	32.000000
8.920000	26.000000
8.910000	28.000000
8.900000	28.000000
8.890000	30.000000
8.880000	22.000000
8.870000	30.000000
8.860000	8.000000
8.850000	30.000000
8.840000	32.000000
8.830000	36.000000
8.820000	30.000000
8.810000	22.000000
8.800000	20.000000
8.790000	26.000000
8.780000	26.000000
8.770000	34.000000
8.760000	18.000000
8.750000	36.000000
8.740000	52.000000
8.730000	26.000000
8.720000	6.000000
8.710000	52.000000
8.700000	24.000000
8.690000	10.000000
8.680000	8.000000
8.670000	0.000000
8.660000	30.000000
8.650000	22.000000
8.640000	18.000000
8.630000	32.000000
8.620000	50.000000
8.610000	26.000000
8.600000	32.000000
8.590000	14.000000
8.580000	36.000000
8.570000	48.000000
8.560000	-6.000000
8.550000	14.000000
8.540000	36.000000
8.530000	10.000000
8.520000	10.000000
8.510000	16.000000
8.500000	38.000000
8.490000	18.000000
8.480000	16.000000
8.470000	16.000000
8.460000	44.000000
8.450000	16.000000
8.440000	8.000000
8.430000	34.000000
8.420000	24.000000
8.410000	48.000000
8.400000	42.000000
8.390000	34.000000
8.380000	26.000000
8.370000	14.000000
8.360000	16.000000
8.350000	18.000000
8.340000	42.000000
8.330000	26.000000
8.320000	-10.000000
8.310000	0.000000
8.300000	46.000000
8.290000	24.000000
8.280000	30.000000
8.270000	28.000000
8.260000	0.000000
8.250000	30.000000
8.240000	26.000000
8.230000	26.000000
8.220000	24.000000
8.210000	42.000000
8.200000	22.000000
8.190000	26.000000
8.180000	38.000000
8.170000	24.000000
8.160000	-4.000000
8.150000	6.000000
8.140000	2.000000
8.130000	8.000000
8.120000	14.000000
8.110000	30.000000
8.100000	30.000000
8.090000	0.000000
8.080000	0.000000
8.070000	22.000000
8.060000	8.000000
8.050000	28.000000
8.040000	26.000000
8.030000	38.000000
8.020000	26.000000
8.010000	40.000000
8.000000	18.000000
7.990000	18.000000
7.980000	8.000000
7.970000	26.000000
7.960000	4.000000
7.950000	36.000000
7.940000	2.000000
7.930000	28.000000
7.920000	48.000000
7.910000	14.000000
7.900000	18.000000
7.890000	18.000000
7.880000	20.000000
7.870000	6.000000
7.860000	38.000000
7.850000	26.000000
7.840000	48.000000
7.830000	36.000000
7.820000	18.000000
7.810000	8.000000
7.800000	24.000000
7.790000	16.000000
7.780000	52.000000
7.770000	6.000000
7.760000	12.000000
7.750000	32.000000
7.740000	14.000000
7.730000	4.000000
7.720000	34.000000
7.710000	38.000000
7.700000	22.000000
7.690000	30.000000
7.680000	30.000000
7.670000	58.000000
7.660000	44.000000
7.650000	28.000000
7.640000	24.000000
7.630000	22.000000
7.620000	20.000000
7.610000	26.000000
7.600000	32.000000
7.590000	40.000000
7.580000	26.000000
7.570000	30.000000
7.560000	12.000000
7.550000	26.000000
7.540000	32.000000
7.530000	30.000000
7.520000	58.000000
7.510000	34.000000
7.500000	32.000000
7.490000	38.000000
7.480000	38.000000
7.470000	44.000000
7.460000	24.000000
7.450000	22.000000
7.440000	40.000000
7.430000	34.000000
7.420000	22.000000
7.410000	36.000000
7.400000	40.000000
7.390000	24.000000
7.380000	16.000000
7.370000	26.000000
7.360000	-16.000000
7.350000	30.000000
7.340000	18.000000
7.330000	28.000000
7.320000	54.000000
7.310000	28.000000
7.300000	36.000000
7.290000	46.000000
7.280000	60.000000
7.270000	36.000000
7.260000	22.000000
7.250000	48.000000
7.240000	12.000000
7.230000	36.000000
7.220000	12.000000
7.210000	18.000000
7.200000	40.000000
7.190000	36.000000
7.180000	30.000000
7.170000	34.000000
7.160000	22.000000
7.150000	42.000000
7.140000	20.000000
7.130000	32.000000
7.120000	26.000000
7.110000	42.000000
7.100000	10.000000
7.090000	30.000000
7.080000	22.000000
7.070000	28.000000
7.060000	28.000000
7.050000	36.000000
7.040000	18.000000
7.030000	16.000000
7.020000	48.000000
7.010000	10.000000
7.000000	12.000000
6.990000	68.000000
6.980000	28.000000
6.970000	40.000000
6.960000	42.000000
6.950000	22.000000
6.940000	8.000000
6.930000	36.000000
6.920000	12.000000
6.910000	22.000000
6.900000	38.000000
6.890000	38.000000
6.880000	26.000000
6.870000	44.000000
6.860000	16.000000
6.850000	36.000000
6.840000	36.000000
6.830000	14.000000
6.820000	10.000000
6.810000	48.000000
6.800000	30.000000
6.790000	32.000000
6.780000	40.000000
6.770000	38.000000
6.760000	64.000000
6.750000	18.000000
6.740000	12.000000
6.730000	14.000000
6.720000	8.000000
6.710000	4.000000
6.700000	16.000000
6.690000	14.000000
6.680000	32.000000
6.670000	34.000000
6.660000	38.000000
6.650000	2.000000
6.640000	22.000000
6.630000	30.000000
6.620000	32.000000
6.610000	16.000000
6.600000	24.000000
6.590000	22.000000
6.580000	38.000000
6.570000	14.000000
6.560000	18.000000
6.550000	6.000000
6.540000	50.000000
6.530000	28.000000
6.520000	30.000000
6.510000	52.000000
6.500000	48.000000
6.490000	40.000000
6.480000	20.000000
6.470000	32.000000
6.460000	18.000000
6.450000	50.000000
6.440000	28.000000
6.430000	40.000000
6.420000	24.000000
6.410000	34.000000
6.400000	22.000000
6.390000	16.000000
6.380000	46.000000
6.370000	40.000000
6.360000	-4.000000
6.350000	42.000000
6.340000	14.000000
6.330000	32.000000
6.320000	58.000000
6.310000	32.000000
6.300000	38.000000
6.290000	-4.000000
6.280000	40.000000
6.270000	44.000000
6.260000	36.000000
6.250000	20.000000
6.240000	44.000000
6.230000	24.000000
6.220000	20.000000
6.210000	46.000000
6.200000	38.000000
6.190000	20.000000
6.180000	18.000000
6.170000	32.000000
6.160000	36.000000
6.150000	42.000000
6.140000	34.000000
6.130000	44.000000
6.120000	40.000000
6.110000	56.000000
6.100000	52.000000
6.090000	10.000000
6.080000	20.000000
6.070000	48.000000
6.060000	0.000000
6.050000	38.000000
6.040000	48.000000
6.030000	2.000000
6.020000	32.000000
6.010000	42.000000
6.000000	14.000000
5.990000	46.000000
5.980000	32.000000
5.970000	18.000000
5.960000	20.000000
5.950000	78.000000
5.940000	50.000000
5.930000	50.000000
5.920000	44.000000
5.910000	26.000000
5.900000	40.000000
5.890000	54.000000
5.880000	38.000000
5.870000	34.000000
5.860000	38.000000
5.850000	34.000000
5.840000	36.000000
5.830000	18.000000
5.820000	16.000000
5.810000	-8.000000
5.800000	22.000000
5.790000	12.000000
5.780000	36.000000
5.770000	48.000000
5.760000	44.000000
5.750000	28.000000
5.740000	30.000000
5.730000	34.000000
5.720000	28.000000
5.710000	40.000000
5.700000	20.000000
5.690000	18.000000
5.680000	30.000000
5.670000	38.000000
5.660000	38.000000
5.650000	42.000000
5.640000	28.000000
5.630000	24.000000
5.620000	44.000000
5.610000	34.000000
5.600000	56.000000
5.590000	16.000000
5.580000	44.000000
5.570000	38.000000
5.560000	20.000000
5.550000	32.000000
5.540000	36.000000
5.530000	48.000000
5.520000	46.000000
5.510000	30.000000
5.500000	22.000000
5.490000	52.000000
5.480000	42.000000
5.470000	42.000000
5.460000	52.000000
5.450000	18.000000
5.440000	30.000000
5.430000	48.000000
5.420000	12.000000
5.410000	24.000000
5.400000	50.000000
5.390000	20.000000
5.380000	42.000000
5.370000	46.000000
5.360000	26.000000
5.350000	34.000000
5.340000	18.000000
5.330000	34.000000
5.320000	30.000000
5.310000	46.000000
5.300000	28.000000
5.290000	58.000000
5.280000	46.000000
5.270000	36.000000
5.260000	18.000000
5.250000	38.000000
5.240000	30.000000
5.230000	24.000000
5.220000	40.000000
5.210000	60.000000
5.200000	16.000000
5.190000	28.000000
5.180000	42.000000
5.170000	24.000000
5.160000	42.000000
5.150000	36.000000
5.140000	32.000000
5.130000	38.000000
5.120000	44.000000
5.110000	58.000000
5.100000	60.000000
5.090000	40.000000
5.080000	10.000000
5.070000	40.000000
5.060000	40.000000
5.050000	36.000000
5.040000	34.000000
5.030000	24.000000
5.020000	18.000000
5.010000	48.000000
5.000000	44.000000
4.990000	4.000000
4.980000	40.000000
4.970000	20.000000
4.960000	46.000000
4.950000	34.000000
4.940000	48.000000
4.930000	30.000000
4.920000	38.000000
4.910000	38.000000
4.900000	38.000000
4.890000	56.000000
4.880000	48.000000
4.870000	42.000000
4.860000	34.000000
4.850000	44.000000
4.840000	22.000000
4.830000	32.000000
4.820000	64.000000
4.810000	46.000000
4.800000	22.000000
4.790000	48.000000
4.780000	32.000000
4.770000	18.000000
4.760000	42.000000
4.750000	46.000000
4.740000	34.000000
4.730000	44.000000
4.720000	44.000000
4.710000	28.000000
4.700000	46.000000
4.690000	50.000000
4.680000	34.000000
4.670000	40.000000
4.660000	58.000000
4.650000	48.000000
4.640000	30.000000
4.630000	52.000000
4.620000	58.000000
4.610000	38.000000
4.600000	62.000000
4.590000	34.000000
4.580000	42.000000
4.570000	46.000000
4.560000	74.000000
4.550000	36.000000
4.540000	30.000000
4.530000	36.000000
4.520000	54.000000
4.510000	36.000000
4.500000	34.000000
4.490000	76.000000
4.480000	20.000000
4.470000	56.000000
4.460000	36.000000
4.450000	36.000000
4.440000	52.000000
4.430000	50.000000
4.420000	50.000000
4.410000	50.000000
4.400000	44.000000
4.390000	62.000000
4.380000	52.000000
4.370000	38.000000
4.360000	48.000000
4.350000	44.000000
4.340000	26.000000
4.330000	22.000000
4.320000	46.000000
4.310000	38.000000
4.300000	48.000000
4.290000	36.000000
4.280000	60.000000
4.270000	38.000000
4.260000	40.000000
4.250000	42.000000
4.240000	42.000000
4.230000	32.000000
4.220000	56.000000
4.210000	50.000000
4.200000	56.000000
4.190000	54.000000
4.180000	62.000000
4.170000	52.000000
4.160000	36.000000
4.150000	46.000000
4.140000	44.000000
4.130000	48.000000
4.120000	52.000000
4.110000	70.000000
4.100000	64.000000
4.090000	68.000000
4.080000	32.000000
4.070000	40.000000
4.060000	32.000000
4.050000	38.000000
4.040000	64.000000
4.030000	56.000000
4.020000	44.000000
4.010000	62.000000
4.000000	42.000000
3.990000	16.000000
3.980000	68.000000
3.970000	84.000000
3.960000	54.000000
3.950000	52.000000
3.940000	50.000000
3.930000	30.000000
3.920000	76.000000
3.910000	56.000000
3.900000	44.000000
3.890000	70.000000
3.880000	40.000000
3.870000	60.000000
3.860000	68.000000
3.850000	30.000000
3.840000	58.000000
3.830000	60.000000
3.820000	32.000000
3.810000	52.000000
3.800000	50.000000
3.790000	54.000000
3.780000	78.000000
3.770000	32.000000
3.760000	64.000000
3.750000	66.000000
3.740000	66.000000
3.730000	38.000000
3.720000	60.000000
3.710000	72.000000
3.700000	28.000000
3.690000	46.000000
3.680000	40.000000
3.670000	40.000000
3.660000	44.000000
3.650000	56.000000
3.640000	90.000000
3.630000	48.000000
3.620000	64.000000
3.610000	64.000000
3.600000	50.000000
3.590000	40.000000
3.580000	54.000000
3.570000	46.000000
3.560000	60.000000
3.550000	50.000000
3.540000	56.000000
3.530000	56.000000
3.520000	90.000000
3.510000	46.000000
3.500000	46.000000
3.490000	54.000000
3.480000	52.000000
3.470000	72.000000
3.460000	58.000000
3.450000	82.000000
3.440000	74.000000
3.430000	46.000000
3.420000	60.000000
3.410000	52.000000
3.400000	60.000000
3.390000	72.000000
3.380000	80.000000
3.370000	68.000000
3.360000	78.000000
3.350000	48.000000
3.340000	52.000000
3.330000	40.000000
3.320000	52.000000
3.310000	60.000000
3.300000	50.000000
3.290000	38.000000
3.280000	50.000000
3.270000	58.000000
3.260000	54.000000
3.250000	44.000000
3.240000	36.000000
3.230000	72.000000
3.220000	44.000000
3.210000	46.000000
3.200000	58.000000
3.190000	62.000000
3.180000	68.000000
3.170000	36.000000
3.160000	52.000000
3.150000	60.000000
3.140000	54.000000
3.130000	46.000000
3.120000	54.000000
3.110000	60.000000
3.100000	58.000000
3.090000	52.000000
3.080000	66.000000
3.070000	64.000000
3.060000	70.000000
3.050000	56.000000
3.040000	64.000000
3.030000	62.000000
3.020000	80.000000
3.010000	60.000000
3.000000	90.000000
2.990000	70.000000
2.980000	52.000000
2.970000	46.000000
2.960000	80.000000
2.950000	86.000000
2.940000	82.000000
2.930000	78.000000
2.920000	88.000000
2.910000	76.000000
2.900000	76.000000
2.890000	58.000000
2.880000	48.000000
2.870000	70.000000
2.860000	68.000000
2.850000	74.000000
2.840000	50.000000
2.830000	68.000000
2.820000	66.000000
2.810000	68.000000
2.800000	80.000000
2.790000	78.000000
2.780000	76.000000
2.770000	86.000000
2.760000	40.000000
2.750000	72.000000
2.740000	76.000000
2.730000	66.000000
2.720000	68.000000
2.710000	72.000000
2.700000	62.000000
2.690000	98.000000
2.680000	68.000000
2.670000	78.000000
2.660000	76.000000
2.650000	62.000000
2.640000	68.000000
2.630000	64.000000
2.620000	72.000000
2.610000	68.000000
2.600000	46.000000
2.590000	60.000000
2.580000	82.000000
2.570000	80.000000
2.560000	82.000000
2.550000	86.000000
2.540000	104.000000
2.530000	74.000000
2.520000	68.000000
2.510000	70.000000
2.500000	88.000000
2.490000	72.000000
2.480000	90.000000
2.470000	104.000000
2.460000	72.000000
2.450000	56.000000
2.440000	54.000000
2.430000	102.000000
2.420000	86.000000
2.410000	86.000000
2.400000	80.000000
2.390000	90.000000
2.380000	80.000000
2.370000	74.000000
2.360000	74.000000
2.350000	60.000000
2.340000	76.000000
2.330000	72.000000
2.320000	68.000000
2.310000	66.000000
2.300000	72.000000
2.290000	92.000000
2.280000	98.000000
2.270000	86.000000
2.260000	102.000000
2.250000	78.000000
2.240000	108.000000
2.230000	70.000000
2.220000	80.000000
2.210000	66.000000
2.200000	92.000000
2.190000	84.000000
2.180000	84.000000
2.170000	76.000000
2.160000	70.000000
2.150000	92.000000
2.140000	78.000000
2.130000	94.000000
2.120000	88.000000
2.110000	78.000000
2.100000	74.000000
2.090000	76.000000
2.080000	90.000000
2.070000	62.000000
2.060000	88.000000
2.050000	86.000000
2.040000	70.000000
2.030000	84.000000
2.020000	94.000000
2.010000	86.000000
2.000000	92.000000
1.990000	62.000000
1.980000	86.000000
1.970000	98.000000
1.960000	96.000000
1.950000	104.000000
1.940000	94.000000
1.930000	98.000000
1.920000	102.000000
1.910000	98.000000
1.900000	110.000000
1.890000	106.000000
1.880000	104.000000
1.870000	86.000000
1.860000	118.000000
1.850000	104.000000
1.840000	100.000000
1.830000	84.000000
1.820000	92.000000
1.810000	86.000000
1.800000	102.000000
1.790000	98.000000
1.780000	100.000000
1.770000	106.000000
1.760000	100.000000
1.750000	86.000000
1.740000	92.000000
1.730000	100.000000
1.720000	102.000000
1.710000	98.000000
1.700000	94.000000
1.690000	100.000000
1.680000	116.000000
1.670000	116.000000
1.660000	94.000000
1.650000	124.000000
1.640000	112.000000
1.630000	118.000000
1.620000	124.000000
1.610000	112.000000
1.600000	100.000000
1.590000	112.000000
1.580000	110.000000
1.570000	138.000000
1.560000	102.000000
1.550000	114.000000
1.540000	110.000000
1.530000	110.000000
1.520000	118.000000
1.510000	80.000000
1.500000	102.000000
1.490000	118.000000
1.480000	114.000000
1.470000	118.000000
1.460000	124.000000
1.450000	110.000000
1.440000	108.000000
1.430000	116.000000
1.420000	138.000000
1.410000	128.000000
1.400000	130.000000
1.390000	124.000000
1.380000	118.000000
1.370000	128.000000
1.360000	110.000000
1.350000	122.000000
1.340000	120.000000
1.330000	130.000000
1.320000	108.000000
1.310000	132.000000
1.300000	136.000000
1.290000	130.000000
1.280000	120.000000
1.270000	134.000000
1.260000	140.000000
1.250000	124.000000
1.240000	126.000000
1.230000	138.000000
1.220000	126.000000
1.210000	122.000000
1.200000	156.000000
1.190000	108.000000
1.180000	136.000000
1.170000	138.000000
1.160000	148.000000
1.150000	144.000000
1.140000	138.000000
1.130000	146.000000
1.120000	140.000000
1.110000	152.000000
1.100000	160.000000
1.090000	144.000000
1.080000	148.000000
1.070000	134.000000
1.060000	152.000000
1.050000	138.000000
1.040000	148.000000
1.030000	134.000000
1.020000	142.000000
1.010000	138.000000
1.000000	160.000000
0.990000	152.000000
0.980000	164.000000
0.970000	156.000000
0.960000	150.000000
0.950000	154.000000
0.940000	146.000000
0.930000	158.000000
0.920000	148.000000
0.910000	164.000000
0.900000	160.000000
0.890000	160.000000
0.880000	148.000000
0.870000	160.000000
0.860000	172.000000
0.850000	160.000000
0.840000	160.000000
0.830000	166.000000
0.820000	156.000000
0.810000	168.000000
0.800000	158.000000
0.790000	178.000000
0.780000	154.000000
0.770000	166.000000
0.760000	156.000000
0.750000	172.000000
0.740000	178.000000
0.730000	166.000000
0.720000	176.000000
0.710000	182.000000
0.700000	172.000000
0.690000	180.000000
0.680000	168.000000
0.670000	176.000000
0.660000	180.000000
0.650000	172.000000
0.640000	180.000000
0.630000	184.000000
0.620000	168.000000
0.610000	186.000000
0.600000	192.000000
0.590000	192.000000
0.580000	180.000000
0.570000	180.000000
0.560000	190.000000
0.550000	186.000000
0.540000	186.000000
0.530000	190.000000
0.520000	190.000000
0.510000	194.000000
0.500000	190.000000
0.490000	190.000000
0.480000	192.000000
0.470000	192.000000
0.460000	192.000000
0.450000	188.000000
0.440000	190.000000
0.430000	192.000000
0.420000	196.000000
0.410000	192.000000
0.400000	194.000000
0.390000	194.000000
0.380000	196.000000
0.370000	192.000000
0.360000	194.000000
0.350000	196.000000
0.340000	196.000000
0.330000	194.000000
0.320000	196.000000
0.310000	196.000000
0.300000	194.000000
0.290000	196.000000
0.280000	196.000000
0.270000	194.000000
0.260000	196.000000
0.250000	196.000000
0.240000	196.000000
0.230000	196.000000
0.220000	196.000000
0.210000	196.000000
0.200000	196.000000
0.190000	196.000000
0.180000	196.000000
0.170000	196.000000
0.160000	196.000000
0.150000	196.000000
0.140000	196.000000
0.130000	196.000000
0.120000	196.000000
0.110000	196.000000
0.100000	196.000000
0.090000	196.000000
0.080000	196.000000
0.070000	196.000000
0.060000	196.000000
0.050000	196.000000
0.040000	196.000000
0.030000	196.000000
0.020000	196.000000
0.010000	196.000000
