0.350000	110.000000
0.349000	74.000000
0.348000	-6.000000
0.347000	6.000000
0.346000	150.000000
0.345000	-16.000000
0.344000	140.000000
0.343000	72.000000
0.342000	-84.000000
0.341000	-34.000000
0.340000	-130.000000
0.339000	-84.000000
0.338000	-60.000000
0.337000	118.000000
0.336000	-34.000000
0.335000	-68.000000
0.334000	44.000000
0.333000	-82.000000
0.332000	74.000000
0.331000	182.000000
0.330000	78.000000
0.329000	-22.000000
0.328000	-134.000000
0.327000	108.000000
0.326000	8.000000
0.325000	2.000000
0.324000	50.000000
0.323000	68.000000
0.322000	-8.000000
0.321000	138.000000
0.320000	102.000000
0.319000	-56.000000
0.318000	-8.000000
0.317000	-80.000000
0.316000	-78.000000
0.315000	-4.000000
0.314000	152.000000
0.313000	-46.000000
0.312000	-40.000000
0.311000	-76.000000
0.310000	44.000000
0.309000	108.000000
0.308000	66.000000
0.307000	-62.000000
0.306000	22.000000
0.305000	-24.000000
0.304000	-78.000000
0.303000	18.000000
0.302000	-20.000000
0.301000	-66.000000
0.300000	78.000000
0.299000	-158.000000
0.298000	0.000000
0.297000	2.000000
0.296000	104.000000
0.295000	244.000000
0.294000	62.000000
0.293000	118.000000
0.292000	-82.000000
0.291000	-18.000000
0.290000	-106.000000
0.289000	-16.000000
0.288000	-26.000000
0.287000	-98.000000
0.286000	-194.000000
0.285000	-248.000000
0.284000	30.000000
0.283000	-148.000000
0.282000	132.000000
0.281000	68.000000
0.280000	-188.000000
0.279000	42.000000
0.278000	-92.000000
0.277000	-38.000000
0.276000	242.000000
0.275000	-162.000000
0.274000	152.000000
0.273000	-280.000000
0.272000	-156.000000
0.271000	-104.000000
0.270000	26.000000
0.269000	242.000000
0.268000	92.000000
0.267000	130.000000
0.266000	60.000000
0.265000	-94.000000
0.264000	0.000000
0.263000	22.000000
0.262000	60.000000
0.261000	26.000000
0.260000	348.000000
0.259000	-116.000000
0.258000	-70.000000
0.257000	98.000000
0.256000	-462.000000
0.255000	-32.000000
0.254000	-138.000000
0.253000	-18.000000
0.252000	166.000000
0.251000	-52.000000
0.250000	-350.000000
0.249000	-180.000000
0.248000	-30.000000
0.247000	188.000000
0.246000	172.000000
0.245000	-442.000000
0.244000	-710.000000
0.243000	314.000000
0.242000	-652.000000
0.241000	-560.000000
0.240000	-90.000000
0.239000	378.000000
0.238000	12.000000
0.237000	-356.000000
0.236000	140.000000
0.235000	8.000000
0.234000	544.000000
0.233000	-506.000000
0.232000	572.000000
0.231000	824.000000
0.230000	-482.000000
0.229000	-726.000000
0.228000	-780.000000
0.227000	674.000000
0.226000	890.000000
0.225000	780.000000
0.224000	732.000000
0.223000	-732.000000
0.222000	-752.000000
0.221000	-864.000000
0.220000	-772.000000
0.219000	-834.000000
0.218000	-908.000000
0.217000	-902.000000
0.216000	-764.000000
0.215000	-870.000000
0.214000	-852.000000
0.213000	-856.000000
0.212000	-902.000000
0.211000	-786.000000
0.210000	-878.000000
0.209000	-854.000000
0.208000	-920.000000
0.207000	-950.000000
0.206000	-930.000000
0.205000	-924.000000
0.204000	-934.000000
0.203000	-932.000000
0.202000	-960.000000
0.201000	-948.000000
0.200000	-930.000000
0.199000	-976.000000
0.198000	-926.000000
0.197000	-950.000000
0.196000	-930.000000
0.195000	-952.000000
0.194000	-952.000000
0.193000	-982.000000
0.192000	-968.000000
0.191000	-952.000000
0.190000	-982.000000
0.189000	-932.000000
0.188000	-974.000000
0.187000	-994.000000
0.186000	-962.000000
0.185000	-960.000000
0.184000	-992.000000
0.183000	-988.000000
0.182000	-972.000000
0.181000	-982.000000
0.180000	-968.000000
0.179000	-966.000000
0.178000	-970.000000
0.177000	-990.000000
0.176000	-986.000000
0.175000	-990.000000
0.174000	-990.000000
0.173000	-992.000000
0.172000	-1002.000000
0.171000	-988.000000
0.170000	-992.000000
0.169000	-996.000000
0.168000	-1002.000000
0.167000	-1006.000000
0.166000	-1006.000000
0.165000	-1010.000000
0.164000	-986.000000
0.163000	-1002.000000
0.162000	-1006.000000
0.161000	-1002.000000
0.160000	-1002.000000
0.159000	-1006.000000
0.158000	-998.000000
0.157000	-976.000000
0.156000	-1014.000000
0.155000	-1014.000000
0.154000	-1000.000000
0.153000	-1014.000000
0.152000	-1014.000000
0.151000	-1014.000000
0.150000	-1014.000000
0.149000	-1014.000000
0.148000	-1012.000000
0.147000	-996.000000
0.146000	-1014.000000
0.145000	-1020.000000
0.144000	-1018.000000
0.143000	-1012.000000
0.142000	-1020.000000
0.141000	-1014.000000
0.140000	-1010.000000
0.139000	-1012.000000
0.138000	-1018.000000
0.137000	-1012.000000
0.136000	-1020.000000
0.135000	-1016.000000
0.134000	-1020.000000
0.133000	-1024.000000
0.132000	-1020.000000
0.131000	-1016.000000
0.130000	-1020.000000
0.129000	-1018.000000
0.128000	-1020.000000
0.127000	-1022.000000
0.126000	-1020.000000
0.125000	-1022.000000
0.124000	-1022.000000
0.123000	-1020.000000
0.122000	-1024.000000
0.121000	-1016.000000
0.120000	-1018.000000
0.119000	-1020.000000
0.118000	-1018.000000
0.117000	-1024.000000
0.116000	-1024.000000
0.115000	-1022.000000
0.114000	-1022.000000
0.113000	-1020.000000
0.112000	-1020.000000
0.111000	-1024.000000
0.110000	-1020.000000
0.109000	-1022.000000
0.108000	-1024.000000
0.107000	-1022.000000
0.106000	-1024.000000
0.105000	-1018.000000
0.104000	-1022.000000
0.103000	-1024.000000
0.102000	-1020.000000
0.101000	-1022.000000
0.100000	-1024.000000
0.099000	-1024.000000
0.098000	-1022.000000
0.097000	-1022.000000
0.096000	-1024.000000
0.095000	-1024.000000
0.094000	-1024.000000
0.093000	-1024.000000
0.092000	-1024.000000
0.091000	-1024.000000
0.090000	-1024.000000
0.089000	-1022.000000
0.088000	-1024.000000
0.087000	-1022.000000
0.086000	-1024.000000
0.085000	-1024.000000
0.084000	-1024.000000
0.083000	-1024.000000
0.082000	-1024.000000
0.081000	-1024.000000
0.080000	-1024.000000
0.079000	-1024.000000
0.078000	-1024.000000
0.077000	-1024.000000
0.076000	-1024.000000
0.075000	-1024.000000
0.074000	-1024.000000
0.073000	-1024.000000
0.072000	-1024.000000
0.071000	-1024.000000
0.070000	-1024.000000
0.069000	-1022.000000
0.068000	-1024.000000
0.067000	-1024.000000
0.066000	-1024.000000
0.065000	-1024.000000
0.064000	-1024.000000
0.063000	-1024.000000
0.062000	-1024.000000
0.061000	-1024.000000
0.060000	-1024.000000
0.059000	-1022.000000
0.058000	-1024.000000
0.057000	-1024.000000
0.056000	-1024.000000
0.055000	-1024.000000
0.054000	-1024.000000
0.053000	-1024.000000
0.052000	-1024.000000
0.051000	-1024.000000
0.050000	-1024.000000
0.049000	-1024.000000
0.048000	-1024.000000
0.047000	-1024.000000
0.046000	-1024.000000
0.045000	-1024.000000
0.044000	-1024.000000
0.043000	-1024.000000
0.042000	-1024.000000
0.041000	-1024.000000
0.040000	-1024.000000
0.039000	-1024.000000
0.038000	-1024.000000
0.037000	-1024.000000
0.036000	-1024.000000
0.035000	-1024.000000
0.034000	-1024.000000
0.033000	-1024.000000
0.032000	-1024.000000
0.031000	-1024.000000
0.030000	-1024.000000
0.029000	-1024.000000
0.028000	-1024.000000
0.027000	-1024.000000
0.026000	-1024.000000
0.025000	-1024.000000
0.024000	-1024.000000
0.023000	-1024.000000
0.022000	-1024.000000
0.021000	-1024.000000
0.020000	-1024.000000
0.019000	-1024.000000
0.018000	-1024.000000
0.017000	-1024.000000
0.016000	-1024.000000
0.015000	-1024.000000
0.014000	-1024.000000
0.013000	-1024.000000
0.012000	-1024.000000
0.011000	-1024.000000
0.010000	-1024.000000
0.009000	-1024.000000
0.008000	-1024.000000
0.007000	-1024.000000
0.006000	-1024.000000
0.005000	-1024.000000
0.004000	-1024.000000
0.003000	-1024.000000
0.002000	-1024.000000
0.001000	-1024.000000
