0.000000	-24.000000
0.000500	8.000000
0.001000	4.000000
0.001500	-10.000000
0.002000	58.000000
0.002500	-12.000000
0.003000	8.000000
0.003500	-14.000000
0.004000	22.000000
0.004500	-12.000000
0.005000	-14.000000
0.005500	-24.000000
0.006000	-4.000000
0.006500	-4.000000
0.007000	-12.000000
0.007500	18.000000
0.008000	8.000000
0.008500	48.000000
0.009000	40.000000
0.009500	8.000000
0.010000	-48.000000
0.010500	26.000000
0.011000	44.000000
0.011500	-66.000000
0.012000	26.000000
0.012500	-40.000000
0.013000	66.000000
0.013500	-10.000000
0.014000	14.000000
0.014500	-26.000000
0.015000	-62.000000
0.015500	8.000000
0.016000	-48.000000
0.016500	-22.000000
0.017000	-8.000000
0.017500	-24.000000
0.018000	-14.000000
0.018500	-44.000000
0.019000	-34.000000
0.019500	2.000000
0.020000	-4.000000
0.020500	-6.000000
0.021000	38.000000
0.021500	6.000000
0.022000	-30.000000
0.022500	-24.000000
0.023000	-32.000000
0.023500	82.000000
0.024000	-26.000000
0.024500	26.000000
0.025000	-34.000000
0.025500	-8.000000
0.026000	6.000000
0.026500	86.000000
0.027000	-56.000000
0.027500	10.000000
0.028000	-20.000000
0.028500	30.000000
0.029000	-26.000000
0.029500	20.000000
0.030000	40.000000
0.030500	42.000000
0.031000	8.000000
0.031500	-8.000000
0.032000	4.000000
0.032500	-8.000000
0.033000	-48.000000
0.033500	-34.000000
0.034000	66.000000
0.034500	12.000000
0.035000	18.000000
0.035500	74.000000
0.036000	22.000000
0.036500	76.000000
0.037000	20.000000
0.037500	26.000000
0.038000	-18.000000
0.038500	40.000000
0.039000	-20.000000
0.039500	74.000000
0.040000	-10.000000
0.040500	24.000000
0.041000	26.000000
0.041500	-50.000000
0.042000	-14.000000
0.042500	4.000000
0.043000	30.000000
0.043500	18.000000
0.044000	-34.000000
0.044500	74.000000
0.045000	-10.000000
0.045500	30.000000
0.046000	-44.000000
0.046500	36.000000
0.047000	4.000000
0.047500	24.000000
0.048000	-16.000000
0.048500	-2.000000
0.049000	0.000000
0.049500	28.000000
0.050000	36.000000
0.050500	6.000000
0.051000	-40.000000
0.051500	10.000000
0.052000	36.000000
0.052500	-78.000000
0.053000	-16.000000
0.053500	42.000000
0.054000	-46.000000
0.054500	12.000000
0.055000	4.000000
0.055500	-26.000000
0.056000	-32.000000
0.056500	-8.000000
0.057000	60.000000
0.057500	2.000000
0.058000	22.000000
0.058500	14.000000
0.059000	-30.000000
0.059500	12.000000
0.060000	6.000000
0.060500	-42.000000
0.061000	44.000000
0.061500	8.000000
0.062000	-8.000000
0.062500	-48.000000
0.063000	-32.000000
0.063500	42.000000
0.064000	40.000000
0.064500	6.000000
0.065000	-42.000000
0.065500	14.000000
0.066000	14.000000
0.066500	-22.000000
0.067000	20.000000
0.067500	34.000000
0.068000	-16.000000
0.068500	-38.000000
0.069000	-36.000000
0.069500	44.000000
0.070000	6.000000
0.070500	40.000000
0.071000	2.000000
0.071500	10.000000
0.072000	-24.000000
0.072500	4.000000
0.073000	38.000000
0.073500	14.000000
0.074000	-48.000000
0.074500	-10.000000
0.075000	18.000000
0.075500	-12.000000
0.076000	-18.000000
0.076500	10.000000
0.077000	-16.000000
0.077500	30.000000
0.078000	32.000000
0.078500	46.000000
0.079000	-56.000000
0.079500	16.000000
0.080000	2.000000
0.080500	6.000000
0.081000	-44.000000
0.081500	-26.000000
0.082000	30.000000
0.082500	66.000000
0.083000	16.000000
0.083500	-4.000000
0.084000	28.000000
0.084500	10.000000
0.085000	-40.000000
0.085500	-74.000000
0.086000	30.000000
0.086500	16.000000
0.087000	108.000000
0.087500	-22.000000
0.088000	16.000000
0.088500	-24.000000
0.089000	66.000000
0.089500	28.000000
0.090000	2.000000
0.090500	-24.000000
0.091000	-120.000000
0.091500	8.000000
0.092000	-46.000000
0.092500	-24.000000
0.093000	-4.000000
0.093500	48.000000
0.094000	-8.000000
0.094500	58.000000
0.095000	-56.000000
0.095500	38.000000
0.096000	-12.000000
0.096500	-24.000000
0.097000	-2.000000
0.097500	-30.000000
0.098000	-20.000000
0.098500	56.000000
0.099000	0.000000
0.099500	-42.000000
0.100000	-2.000000
0.100500	32.000000
0.101000	-50.000000
0.101500	-14.000000
0.102000	12.000000
0.102500	0.000000
0.103000	20.000000
0.103500	-12.000000
0.104000	26.000000
0.104500	-6.000000
0.105000	26.000000
0.105500	22.000000
0.106000	-22.000000
0.106500	24.000000
0.107000	40.000000
0.107500	12.000000
0.108000	-48.000000
0.108500	-32.000000
0.109000	-64.000000
0.109500	0.000000
0.110000	-48.000000
0.110500	-2.000000
0.111000	74.000000
0.111500	34.000000
0.112000	-36.000000
0.112500	-36.000000
0.113000	28.000000
0.113500	-66.000000
0.114000	-20.000000
0.114500	-12.000000
0.115000	4.000000
0.115500	-42.000000
0.116000	74.000000
0.116500	22.000000
0.117000	2.000000
0.117500	0.000000
0.118000	20.000000
0.118500	-26.000000
0.119000	-2.000000
0.119500	-118.000000
0.120000	70.000000
0.120500	20.000000
0.121000	-14.000000
0.121500	-52.000000
0.122000	36.000000
0.122500	44.000000
0.123000	-66.000000
0.123500	-10.000000
0.124000	-30.000000
0.124500	60.000000
0.125000	-26.000000
0.125500	48.000000
0.126000	56.000000
0.126500	-12.000000
0.127000	-38.000000
0.127500	36.000000
0.128000	-30.000000
0.128500	56.000000
0.129000	-36.000000
0.129500	-12.000000
0.130000	-32.000000
0.130500	8.000000
0.131000	14.000000
0.131500	76.000000
0.132000	-12.000000
0.132500	-56.000000
0.133000	2.000000
0.133500	-30.000000
0.134000	36.000000
0.134500	-12.000000
0.135000	-12.000000
0.135500	0.000000
0.136000	-2.000000
0.136500	114.000000
0.137000	-34.000000
0.137500	58.000000
0.138000	8.000000
0.138500	-10.000000
0.139000	-48.000000
0.139500	34.000000
0.140000	48.000000
0.140500	-32.000000
0.141000	84.000000
0.141500	32.000000
0.142000	-42.000000
0.142500	-80.000000
0.143000	-44.000000
0.143500	-2.000000
0.144000	68.000000
0.144500	28.000000
0.145000	-16.000000
0.145500	-12.000000
0.146000	-52.000000
0.146500	-116.000000
0.147000	-74.000000
0.147500	82.000000
0.148000	2.000000
0.148500	-98.000000
0.149000	2.000000
0.149500	2.000000
0.150000	-4.000000
0.150500	36.000000
0.151000	-10.000000
0.151500	50.000000
0.152000	-46.000000
0.152500	32.000000
0.153000	30.000000
0.153500	60.000000
0.154000	-6.000000
0.154500	36.000000
0.155000	2.000000
0.155500	34.000000
0.156000	-72.000000
0.156500	38.000000
0.157000	-82.000000
0.157500	4.000000
0.158000	-32.000000
0.158500	48.000000
0.159000	-42.000000
0.159500	-36.000000
0.160000	82.000000
0.160500	-60.000000
0.161000	36.000000
0.161500	-10.000000
0.162000	8.000000
0.162500	12.000000
0.163000	24.000000
0.163500	78.000000
0.164000	-64.000000
0.164500	126.000000
0.165000	-34.000000
0.165500	54.000000
0.166000	42.000000
0.166500	-90.000000
0.167000	50.000000
0.167500	8.000000
0.168000	-34.000000
0.168500	44.000000
0.169000	126.000000
0.169500	66.000000
0.170000	-16.000000
0.170500	10.000000
0.171000	52.000000
0.171500	54.000000
0.172000	10.000000
0.172500	-4.000000
0.173000	-54.000000
0.173500	4.000000
0.174000	58.000000
0.174500	6.000000
0.175000	-18.000000
0.175500	-20.000000
0.176000	16.000000
0.176500	84.000000
0.177000	-60.000000
0.177500	58.000000
0.178000	-10.000000
0.178500	84.000000
0.179000	-8.000000
0.179500	42.000000
0.180000	52.000000
0.180500	64.000000
0.181000	24.000000
0.181500	-18.000000
0.182000	76.000000
0.182500	-36.000000
0.183000	-54.000000
0.183500	98.000000
0.184000	-48.000000
0.184500	-48.000000
0.185000	-10.000000
0.185500	38.000000
0.186000	-28.000000
0.186500	14.000000
0.187000	-124.000000
0.187500	-6.000000
0.188000	22.000000
0.188500	62.000000
0.189000	-24.000000
0.189500	-46.000000
0.190000	-92.000000
0.190500	-44.000000
0.191000	-14.000000
0.191500	8.000000
0.192000	10.000000
0.192500	20.000000
0.193000	122.000000
0.193500	-66.000000
0.194000	-34.000000
0.194500	66.000000
0.195000	-84.000000
0.195500	-34.000000
0.196000	4.000000
0.196500	-94.000000
0.197000	-12.000000
0.197500	-32.000000
0.198000	56.000000
0.198500	62.000000
0.199000	-22.000000
0.199500	-36.000000
0.200000	-32.000000
0.200500	78.000000
0.201000	2.000000
0.201500	16.000000
0.202000	-28.000000
0.202500	-40.000000
0.203000	58.000000
0.203500	-8.000000
0.204000	26.000000
0.204500	-62.000000
0.205000	18.000000
0.205500	44.000000
0.206000	-2.000000
0.206500	74.000000
0.207000	-32.000000
0.207500	-48.000000
0.208000	56.000000
0.208500	28.000000
0.209000	14.000000
0.209500	-92.000000
0.210000	40.000000
0.210500	-48.000000
0.211000	-42.000000
0.211500	-36.000000
0.212000	8.000000
0.212500	-42.000000
0.213000	28.000000
0.213500	2.000000
0.214000	44.000000
0.214500	12.000000
0.215000	44.000000
0.215500	12.000000
0.216000	42.000000
0.216500	-30.000000
0.217000	70.000000
0.217500	38.000000
0.218000	-32.000000
0.218500	86.000000
0.219000	96.000000
0.219500	80.000000
0.220000	-36.000000
0.220500	-38.000000
0.221000	30.000000
0.221500	0.000000
0.222000	-4.000000
0.222500	-20.000000
0.223000	-28.000000
0.223500	-46.000000
0.224000	-74.000000
0.224500	24.000000
0.225000	-4.000000
0.225500	-8.000000
0.226000	32.000000
0.226500	68.000000
0.227000	-26.000000
0.227500	-78.000000
0.228000	-86.000000
0.228500	-44.000000
0.229000	90.000000
0.229500	22.000000
0.230000	-8.000000
0.230500	-52.000000
0.231000	48.000000
0.231500	30.000000
0.232000	-28.000000
0.232500	-36.000000
0.233000	-48.000000
0.233500	-4.000000
0.234000	100.000000
0.234500	-78.000000
0.235000	-84.000000
0.235500	34.000000
0.236000	8.000000
0.236500	0.000000
0.237000	90.000000
0.237500	-14.000000
0.238000	-102.000000
0.238500	94.000000
0.239000	-68.000000
0.239500	2.000000
0.240000	62.000000
0.240500	-18.000000
0.241000	40.000000
0.241500	-64.000000
0.242000	-46.000000
0.242500	-4.000000
0.243000	-14.000000
0.243500	78.000000
0.244000	-52.000000
0.244500	-30.000000
0.245000	78.000000
0.245500	-30.000000
0.246000	24.000000
0.246500	-36.000000
0.247000	-112.000000
0.247500	-4.000000
0.248000	-6.000000
0.248500	76.000000
0.249000	32.000000
0.249500	-84.000000
0.250000	78.000000
0.250500	-86.000000
0.251000	-78.000000
0.251500	-16.000000
0.252000	-76.000000
0.252500	-42.000000
0.253000	-34.000000
0.253500	86.000000
0.254000	38.000000
0.254500	46.000000
0.255000	124.000000
0.255500	80.000000
0.256000	70.000000
0.256500	-46.000000
0.257000	-16.000000
0.257500	24.000000
0.258000	-112.000000
0.258500	92.000000
0.259000	-38.000000
0.259500	-2.000000
0.260000	-6.000000
0.260500	16.000000
0.261000	-2.000000
0.261500	-10.000000
0.262000	90.000000
0.262500	-206.000000
0.263000	-14.000000
0.263500	-38.000000
0.264000	60.000000
0.264500	46.000000
0.265000	8.000000
0.265500	-60.000000
0.266000	-76.000000
0.266500	-68.000000
0.267000	10.000000
0.267500	-96.000000
0.268000	-76.000000
0.268500	56.000000
0.269000	-66.000000
0.269500	14.000000
0.270000	-82.000000
0.270500	72.000000
0.271000	4.000000
0.271500	86.000000
0.272000	28.000000
0.272500	112.000000
0.273000	64.000000
0.273500	60.000000
0.274000	-104.000000
0.274500	54.000000
0.275000	6.000000
0.275500	30.000000
0.276000	-44.000000
0.276500	34.000000
0.277000	66.000000
0.277500	-64.000000
0.278000	-56.000000
0.278500	40.000000
0.279000	22.000000
0.279500	56.000000
0.280000	-12.000000
0.280500	210.000000
0.281000	-126.000000
0.281500	28.000000
0.282000	-24.000000
0.282500	60.000000
0.283000	48.000000
0.283500	-38.000000
0.284000	-44.000000
0.284500	-74.000000
0.285000	-52.000000
0.285500	88.000000
0.286000	106.000000
0.286500	-18.000000
0.287000	-12.000000
0.287500	94.000000
0.288000	18.000000
0.288500	98.000000
0.289000	60.000000
0.289500	-100.000000
0.290000	60.000000
0.290500	-110.000000
0.291000	-68.000000
0.291500	50.000000
0.292000	124.000000
0.292500	-104.000000
0.293000	-24.000000
0.293500	-116.000000
0.294000	-72.000000
0.294500	44.000000
0.295000	50.000000
0.295500	-52.000000
0.296000	68.000000
0.296500	52.000000
0.297000	120.000000
0.297500	44.000000
0.298000	26.000000
0.298500	-40.000000
0.299000	-36.000000
0.299500	84.000000
0.300000	44.000000
0.300500	30.000000
0.301000	-146.000000
0.301500	32.000000
0.302000	-144.000000
0.302500	-124.000000
0.303000	-96.000000
0.303500	12.000000
0.304000	-82.000000
0.304500	-12.000000
0.305000	126.000000
0.305500	28.000000
0.306000	-88.000000
0.306500	-58.000000
0.307000	-28.000000
0.307500	-144.000000
0.308000	-36.000000
0.308500	-54.000000
0.309000	80.000000
0.309500	26.000000
0.310000	-122.000000
0.310500	-58.000000
0.311000	-146.000000
0.311500	-56.000000
0.312000	-208.000000
0.312500	30.000000
0.313000	0.000000
0.313500	-196.000000
0.314000	104.000000
0.314500	124.000000
0.315000	-58.000000
0.315500	104.000000
0.316000	-124.000000
0.316500	-46.000000
0.317000	-16.000000
0.317500	126.000000
0.318000	4.000000
0.318500	-10.000000
0.319000	-154.000000
0.319500	166.000000
0.320000	34.000000
0.320500	132.000000
0.321000	-104.000000
0.321500	160.000000
0.322000	50.000000
0.322500	88.000000
0.323000	-220.000000
0.323500	50.000000
0.324000	-22.000000
0.324500	156.000000
0.325000	46.000000
0.325500	168.000000
0.326000	6.000000
0.326500	-280.000000
0.327000	-80.000000
0.327500	20.000000
0.328000	-96.000000
0.328500	-52.000000
0.329000	-206.000000
0.329500	46.000000
0.330000	-236.000000
0.330500	-36.000000
0.331000	146.000000
0.331500	18.000000
0.332000	308.000000
0.332500	46.000000
0.333000	-26.000000
0.333500	-100.000000
0.334000	152.000000
0.334500	-18.000000
0.335000	46.000000
0.335500	86.000000
0.336000	92.000000
0.336500	-54.000000
0.337000	-128.000000
0.337500	70.000000
0.338000	-28.000000
0.338500	6.000000
0.339000	-56.000000
0.339500	82.000000
0.340000	-174.000000
0.340500	-26.000000
0.341000	-32.000000
0.341500	184.000000
0.342000	38.000000
0.342500	-298.000000
0.343000	92.000000
0.343500	104.000000
0.344000	24.000000
0.344500	-14.000000
0.345000	-104.000000
0.345500	206.000000
0.346000	-248.000000
0.346500	2.000000
0.347000	-94.000000
0.347500	-58.000000
0.348000	18.000000
0.348500	28.000000
0.349000	-238.000000
0.349500	24.000000
0.350000	176.000000
0.350500	-170.000000
0.351000	-54.000000
0.351500	138.000000
0.352000	-156.000000
0.352500	-182.000000
0.353000	122.000000
0.353500	60.000000
0.354000	16.000000
0.354500	20.000000
0.355000	-30.000000
0.355500	6.000000
0.356000	-180.000000
0.356500	-124.000000
0.357000	-100.000000
0.357500	114.000000
0.358000	236.000000
0.358500	8.000000
0.359000	-82.000000
0.359500	-124.000000
0.360000	224.000000
0.360500	126.000000
0.361000	80.000000
0.361500	78.000000
0.362000	-88.000000
0.362500	-36.000000
0.363000	168.000000
0.363500	-172.000000
0.364000	170.000000
0.364500	-170.000000
0.365000	-180.000000
0.365500	242.000000
0.366000	244.000000
0.366500	-34.000000
0.367000	232.000000
0.367500	40.000000
0.368000	-90.000000
0.368500	8.000000
0.369000	-254.000000
0.369500	-292.000000
0.370000	206.000000
0.370500	58.000000
0.371000	-80.000000
0.371500	-126.000000
0.372000	148.000000
0.372500	-54.000000
0.373000	304.000000
0.373500	-300.000000
0.374000	252.000000
0.374500	24.000000
0.375000	-102.000000
0.375500	-66.000000
0.376000	-356.000000
0.376500	-22.000000
0.377000	-10.000000
0.377500	286.000000
0.378000	34.000000
0.378500	-62.000000
0.379000	70.000000
0.379500	-54.000000
0.380000	254.000000
0.380500	-10.000000
0.381000	96.000000
0.381500	114.000000
0.382000	-18.000000
0.382500	70.000000
0.383000	176.000000
0.383500	-32.000000
0.384000	54.000000
0.384500	-138.000000
0.385000	302.000000
0.385500	-184.000000
0.386000	-22.000000
0.386500	64.000000
0.387000	-354.000000
0.387500	-36.000000
0.388000	426.000000
0.388500	-428.000000
0.389000	522.000000
0.389500	302.000000
0.390000	-142.000000
0.390500	-130.000000
0.391000	-172.000000
0.391500	-24.000000
0.392000	-264.000000
0.392500	94.000000
0.393000	280.000000
0.393500	-68.000000
0.394000	-100.000000
0.394500	-254.000000
0.395000	-110.000000
0.395500	306.000000
0.396000	-88.000000
0.396500	-110.000000
0.397000	50.000000
0.397500	-94.000000
0.398000	220.000000
0.398500	58.000000
0.399000	-158.000000
0.399500	56.000000
0.400000	-88.000000
0.400500	172.000000
0.401000	118.000000
0.401500	262.000000
0.402000	-220.000000
0.402500	-276.000000
0.403000	-4.000000
0.403500	462.000000
0.404000	274.000000
0.404500	34.000000
0.405000	478.000000
0.405500	108.000000
0.406000	238.000000
0.406500	-478.000000
0.407000	146.000000
0.407500	34.000000
0.408000	516.000000
0.408500	294.000000
0.409000	458.000000
0.409500	-20.000000
0.410000	276.000000
0.410500	-554.000000
0.411000	-64.000000
0.411500	254.000000
0.412000	186.000000
0.412500	-342.000000
0.413000	730.000000
0.413500	34.000000
0.414000	-324.000000
0.414500	286.000000
0.415000	-542.000000
0.415500	50.000000
0.416000	294.000000
0.416500	156.000000
0.417000	582.000000
0.417500	-168.000000
0.418000	640.000000
0.418500	154.000000
0.419000	-232.000000
0.419500	274.000000
0.420000	-644.000000
0.420500	376.000000
0.421000	-656.000000
0.421500	-168.000000
0.422000	496.000000
0.422500	466.000000
0.423000	2.000000
0.423500	580.000000
0.424000	602.000000
0.424500	572.000000
0.425000	58.000000
0.425500	-558.000000
0.426000	544.000000
0.426500	518.000000
0.427000	-286.000000
0.427500	-582.000000
0.428000	-442.000000
0.428500	-538.000000
0.429000	-766.000000
0.429500	-620.000000
0.430000	644.000000
0.430500	604.000000
0.431000	-356.000000
0.431500	-630.000000
0.432000	258.000000
0.432500	834.000000
0.433000	-782.000000
0.433500	572.000000
0.434000	824.000000
0.434500	-734.000000
0.435000	-772.000000
0.435500	714.000000
0.436000	452.000000
0.436500	792.000000
0.437000	682.000000
0.437500	588.000000
0.438000	716.000000
0.438500	-776.000000
0.439000	-446.000000
0.439500	-550.000000
0.440000	-600.000000
0.440500	-738.000000
0.441000	-850.000000
0.441500	-806.000000
0.442000	592.000000
0.442500	-708.000000
0.443000	-640.000000
0.443500	-484.000000
0.444000	-696.000000
0.444500	808.000000
0.445000	790.000000
0.445500	814.000000
0.446000	650.000000
0.446500	764.000000
0.447000	776.000000
0.447500	802.000000
0.448000	814.000000
0.448500	690.000000
0.449000	756.000000
0.449500	846.000000
0.450000	864.000000
0.450500	904.000000
0.451000	850.000000
0.451500	850.000000
0.452000	762.000000
0.452500	872.000000
0.453000	916.000000
0.453500	858.000000
0.454000	-820.000000
0.454500	-778.000000
0.455000	-646.000000
0.455500	-712.000000
0.456000	-802.000000
0.456500	550.000000
0.457000	922.000000
0.457500	756.000000
0.458000	842.000000
0.458500	898.000000
0.459000	868.000000
0.459500	894.000000
0.460000	842.000000
0.460500	922.000000
0.461000	896.000000
0.461500	848.000000
0.462000	906.000000
0.462500	736.000000
0.463000	790.000000
0.463500	728.000000
0.464000	824.000000
0.464500	804.000000
0.465000	916.000000
0.465500	926.000000
0.466000	868.000000
0.466500	864.000000
0.467000	922.000000
0.467500	894.000000
0.468000	870.000000
0.468500	878.000000
0.469000	860.000000
0.469500	884.000000
0.470000	824.000000
0.470500	850.000000
0.471000	854.000000
0.471500	842.000000
0.472000	858.000000
0.472500	904.000000
0.473000	934.000000
0.473500	816.000000
0.474000	932.000000
0.474500	898.000000
0.475000	884.000000
0.475500	912.000000
0.476000	942.000000
0.476500	924.000000
0.477000	910.000000
0.477500	912.000000
0.478000	922.000000
0.478500	850.000000
0.479000	894.000000
0.479500	828.000000
0.480000	914.000000
0.480500	812.000000
0.481000	936.000000
0.481500	900.000000
0.482000	936.000000
0.482500	930.000000
0.483000	892.000000
0.483500	900.000000
0.484000	940.000000
0.484500	938.000000
0.485000	814.000000
0.485500	866.000000
0.486000	934.000000
0.486500	922.000000
0.487000	788.000000
0.487500	934.000000
0.488000	906.000000
0.488500	900.000000
0.489000	932.000000
0.489500	916.000000
0.490000	904.000000
0.490500	852.000000
0.491000	942.000000
0.491500	954.000000
0.492000	956.000000
0.492500	976.000000
0.493000	844.000000
0.493500	918.000000
0.494000	966.000000
0.494500	904.000000
0.495000	938.000000
0.495500	928.000000
0.496000	938.000000
0.496500	900.000000
0.497000	932.000000
0.497500	966.000000
0.498000	960.000000
0.498500	954.000000
0.499000	926.000000
0.499500	912.000000
0.500000	934.000000
0.500500	948.000000
0.501000	932.000000
0.501500	948.000000
0.502000	906.000000
0.502500	904.000000
0.503000	956.000000
0.503500	942.000000
0.504000	960.000000
0.504500	926.000000
0.505000	942.000000
0.505500	922.000000
0.506000	934.000000
0.506500	916.000000
0.507000	966.000000
0.507500	934.000000
0.508000	966.000000
0.508500	970.000000
0.509000	938.000000
0.509500	984.000000
0.510000	918.000000
0.510500	952.000000
0.511000	966.000000
0.511500	948.000000
0.512000	920.000000
0.512500	958.000000
0.513000	942.000000
0.513500	944.000000
0.514000	958.000000
0.514500	962.000000
0.515000	970.000000
0.515500	938.000000
0.516000	956.000000
0.516500	944.000000
0.517000	958.000000
0.517500	932.000000
0.518000	932.000000
0.518500	946.000000
0.519000	962.000000
0.519500	970.000000
0.520000	972.000000
0.520500	956.000000
0.521000	980.000000
0.521500	970.000000
0.522000	942.000000
0.522500	960.000000
0.523000	950.000000
0.523500	958.000000
0.524000	966.000000
0.524500	884.000000
0.525000	980.000000
0.525500	956.000000
0.526000	968.000000
0.526500	978.000000
0.527000	952.000000
0.527500	984.000000
0.528000	962.000000
0.528500	960.000000
0.529000	954.000000
0.529500	980.000000
0.530000	936.000000
0.530500	924.000000
0.531000	940.000000
0.531500	938.000000
0.532000	980.000000
0.532500	968.000000
0.533000	986.000000
0.533500	978.000000
0.534000	976.000000
0.534500	974.000000
0.535000	980.000000
0.535500	980.000000
0.536000	962.000000
0.536500	960.000000
0.537000	996.000000
0.537500	980.000000
0.538000	968.000000
0.538500	996.000000
0.539000	978.000000
0.539500	974.000000
0.540000	998.000000
0.540500	978.000000
0.541000	976.000000
0.541500	946.000000
0.542000	984.000000
0.542500	920.000000
0.543000	966.000000
0.543500	990.000000
0.544000	1002.000000
0.544500	1006.000000
0.545000	994.000000
0.545500	986.000000
0.546000	954.000000
0.546500	966.000000
0.547000	978.000000
0.547500	990.000000
0.548000	1012.000000
0.548500	960.000000
0.549000	930.000000
0.549500	988.000000
0.550000	980.000000
0.550500	978.000000
0.551000	966.000000
0.551500	990.000000
0.552000	970.000000
0.552500	980.000000
0.553000	972.000000
0.553500	988.000000
0.554000	984.000000
0.554500	976.000000
0.555000	988.000000
0.555500	966.000000
0.556000	996.000000
0.556500	978.000000
0.557000	996.000000
0.557500	990.000000
0.558000	1002.000000
0.558500	990.000000
0.559000	994.000000
0.559500	976.000000
0.560000	984.000000
0.560500	990.000000
0.561000	954.000000
0.561500	994.000000
0.562000	986.000000
0.562500	986.000000
0.563000	972.000000
0.563500	994.000000
0.564000	984.000000
0.564500	996.000000
0.565000	960.000000
0.565500	1004.000000
0.566000	968.000000
0.566500	988.000000
0.567000	992.000000
0.567500	992.000000
0.568000	998.000000
0.568500	982.000000
0.569000	980.000000
0.569500	986.000000
0.570000	988.000000
0.570500	998.000000
0.571000	956.000000
0.571500	984.000000
0.572000	984.000000
0.572500	984.000000
0.573000	1002.000000
0.573500	960.000000
0.574000	1002.000000
0.574500	994.000000
0.575000	974.000000
0.575500	996.000000
0.576000	994.000000
0.576500	994.000000
0.577000	988.000000
0.577500	982.000000
0.578000	980.000000
0.578500	998.000000
0.579000	994.000000
0.579500	1002.000000
0.580000	982.000000
0.580500	998.000000
0.581000	996.000000
0.581500	982.000000
0.582000	986.000000
0.582500	964.000000
0.583000	1004.000000
0.583500	984.000000
0.584000	998.000000
0.584500	998.000000
0.585000	988.000000
0.585500	992.000000
0.586000	1004.000000
0.586500	1004.000000
0.587000	1000.000000
0.587500	996.000000
0.588000	992.000000
0.588500	990.000000
0.589000	1008.000000
0.589500	994.000000
0.590000	1008.000000
0.590500	998.000000
0.591000	994.000000
0.591500	1006.000000
0.592000	986.000000
0.592500	978.000000
0.593000	992.000000
0.593500	1006.000000
0.594000	1002.000000
0.594500	988.000000
0.595000	998.000000
0.595500	1002.000000
0.596000	1004.000000
0.596500	1004.000000
0.597000	990.000000
0.597500	1002.000000
0.598000	988.000000
0.598500	1004.000000
0.599000	982.000000
0.599500	996.000000
0.600000	992.000000
0.600500	962.000000
0.601000	1008.000000
0.601500	992.000000
0.602000	1008.000000
0.602500	1000.000000
0.603000	1008.000000
0.603500	1002.000000
0.604000	996.000000
0.604500	1008.000000
0.605000	1004.000000
0.605500	964.000000
0.606000	994.000000
0.606500	968.000000
0.607000	998.000000
0.607500	998.000000
0.608000	1000.000000
0.608500	990.000000
0.609000	1000.000000
0.609500	992.000000
0.610000	1004.000000
0.610500	1002.000000
0.611000	1000.000000
0.611500	998.000000
0.612000	1002.000000
0.612500	988.000000
0.613000	1002.000000
0.613500	1000.000000
0.614000	1000.000000
0.614500	984.000000
0.615000	1006.000000
0.615500	998.000000
0.616000	1010.000000
0.616500	1002.000000
0.617000	982.000000
0.617500	994.000000
0.618000	986.000000
0.618500	1006.000000
0.619000	982.000000
0.619500	994.000000
0.620000	1004.000000
0.620500	1010.000000
0.621000	996.000000
0.621500	1012.000000
0.622000	1008.000000
0.622500	992.000000
0.623000	1002.000000
0.623500	1004.000000
0.624000	1002.000000
0.624500	998.000000
0.625000	994.000000
0.625500	978.000000
0.626000	1004.000000
0.626500	1012.000000
0.627000	1008.000000
0.627500	1000.000000
0.628000	1004.000000
0.628500	990.000000
0.629000	1006.000000
0.629500	1002.000000
0.630000	996.000000
0.630500	1012.000000
0.631000	1010.000000
0.631500	1012.000000
0.632000	1014.000000
0.632500	1002.000000
0.633000	1004.000000
0.633500	1018.000000
0.634000	1012.000000
0.634500	1000.000000
0.635000	1008.000000
0.635500	1008.000000
0.636000	1004.000000
0.636500	1010.000000
0.637000	1008.000000
0.637500	1012.000000
0.638000	1006.000000
0.638500	1000.000000
0.639000	1006.000000
0.639500	1010.000000
0.640000	1002.000000
0.640500	998.000000
0.641000	1010.000000
0.641500	992.000000
0.642000	1014.000000
0.642500	1012.000000
0.643000	1012.000000
0.643500	1010.000000
0.644000	1008.000000
0.644500	998.000000
0.645000	1002.000000
0.645500	1016.000000
0.646000	1002.000000
0.646500	1012.000000
0.647000	1008.000000
0.647500	998.000000
0.648000	1012.000000
0.648500	1012.000000
0.649000	1014.000000
0.649500	1016.000000
0.650000	994.000000
0.650500	1004.000000
0.651000	1010.000000
0.651500	1006.000000
0.652000	1008.000000
0.652500	1012.000000
0.653000	1000.000000
0.653500	1002.000000
0.654000	1008.000000
0.654500	1012.000000
0.655000	1008.000000
0.655500	1010.000000
0.656000	1004.000000
0.656500	1006.000000
0.657000	1012.000000
0.657500	1016.000000
0.658000	1000.000000
0.658500	1016.000000
0.659000	1012.000000
0.659500	998.000000
0.660000	1016.000000
0.660500	1014.000000
0.661000	1012.000000
0.661500	1002.000000
0.662000	1018.000000
0.662500	1010.000000
0.663000	1004.000000
0.663500	1016.000000
0.664000	1012.000000
0.664500	1012.000000
0.665000	1004.000000
0.665500	1004.000000
0.666000	1006.000000
0.666500	1006.000000
0.667000	1014.000000
0.667500	1008.000000
0.668000	1010.000000
0.668500	1010.000000
0.669000	1002.000000
0.669500	1002.000000
0.670000	1012.000000
0.670500	1014.000000
0.671000	1010.000000
0.671500	1012.000000
0.672000	1014.000000
0.672500	1002.000000
0.673000	1000.000000
0.673500	990.000000
0.674000	1012.000000
0.674500	1006.000000
0.675000	1010.000000
0.675500	1014.000000
0.676000	1016.000000
0.676500	1008.000000
0.677000	1016.000000
0.677500	1000.000000
0.678000	1008.000000
0.678500	1012.000000
0.679000	1010.000000
0.679500	1020.000000
0.680000	1010.000000
0.680500	1010.000000
0.681000	1010.000000
0.681500	1010.000000
0.682000	1016.000000
0.682500	1018.000000
0.683000	1016.000000
0.683500	1004.000000
0.684000	1014.000000
0.684500	1014.000000
0.685000	1018.000000
0.685500	1012.000000
0.686000	1014.000000
0.686500	1016.000000
0.687000	1010.000000
0.687500	1010.000000
0.688000	1004.000000
0.688500	1004.000000
0.689000	1018.000000
0.689500	1000.000000
0.690000	992.000000
0.690500	1012.000000
0.691000	1006.000000
0.691500	1016.000000
0.692000	1000.000000
0.692500	1016.000000
0.693000	1012.000000
0.693500	1018.000000
0.694000	1016.000000
0.694500	1014.000000
0.695000	1022.000000
0.695500	1008.000000
0.696000	1014.000000
0.696500	1012.000000
0.697000	1004.000000
0.697500	1008.000000
0.698000	1002.000000
0.698500	1020.000000
0.699000	1020.000000
0.699500	1010.000000
0.700000	1014.000000
0.700500	1012.000000
0.701000	1014.000000
0.701500	1018.000000
0.702000	1016.000000
0.702500	998.000000
0.703000	1016.000000
0.703500	1014.000000
0.704000	1002.000000
0.704500	1006.000000
0.705000	1012.000000
0.705500	1018.000000
0.706000	1014.000000
0.706500	1020.000000
0.707000	1018.000000
0.707500	1010.000000
0.708000	1014.000000
0.708500	1016.000000
0.709000	1010.000000
0.709500	1016.000000
0.710000	1014.000000
0.710500	1020.000000
0.711000	1014.000000
0.711500	1018.000000
0.712000	1022.000000
0.712500	1022.000000
0.713000	1018.000000
0.713500	1016.000000
0.714000	1020.000000
0.714500	1020.000000
0.715000	1018.000000
0.715500	1018.000000
0.716000	1012.000000
0.716500	1020.000000
0.717000	1012.000000
0.717500	1024.000000
0.718000	1012.000000
0.718500	1018.000000
0.719000	1020.000000
0.719500	1016.000000
0.720000	1014.000000
0.720500	1014.000000
0.721000	1014.000000
0.721500	1018.000000
0.722000	1010.000000
0.722500	1014.000000
0.723000	1014.000000
0.723500	1010.000000
0.724000	1014.000000
0.724500	1016.000000
0.725000	1018.000000
0.725500	1010.000000
0.726000	1014.000000
0.726500	1008.000000
0.727000	1020.000000
0.727500	1012.000000
0.728000	1012.000000
0.728500	1014.000000
0.729000	1018.000000
0.729500	1018.000000
0.730000	1014.000000
0.730500	1016.000000
0.731000	1016.000000
0.731500	1016.000000
0.732000	1020.000000
0.732500	1018.000000
0.733000	1016.000000
0.733500	1014.000000
0.734000	1008.000000
0.734500	1022.000000
0.735000	1012.000000
0.735500	1016.000000
0.736000	1016.000000
0.736500	1024.000000
0.737000	1006.000000
0.737500	1022.000000
0.738000	1012.000000
0.738500	1014.000000
0.739000	1020.000000
0.739500	1016.000000
0.740000	1016.000000
0.740500	1020.000000
0.741000	1014.000000
0.741500	1022.000000
0.742000	1016.000000
0.742500	1022.000000
0.743000	1018.000000
0.743500	1022.000000
0.744000	1020.000000
0.744500	1018.000000
0.745000	1012.000000
0.745500	1014.000000
0.746000	1020.000000
0.746500	1022.000000
0.747000	1012.000000
0.747500	1018.000000
0.748000	1022.000000
0.748500	1018.000000
0.749000	1020.000000
0.749500	1014.000000
0.750000	1016.000000
0.750500	1022.000000
0.751000	1018.000000
0.751500	1018.000000
0.752000	1018.000000
0.752500	1016.000000
0.753000	1018.000000
0.753500	1022.000000
0.754000	1018.000000
0.754500	1016.000000
0.755000	1020.000000
0.755500	1022.000000
0.756000	1016.000000
0.756500	1016.000000
0.757000	1016.000000
0.757500	1016.000000
0.758000	1016.000000
0.758500	1014.000000
0.759000	1016.000000
0.759500	1022.000000
0.760000	1018.000000
0.760500	1022.000000
0.761000	1018.000000
0.761500	1020.000000
0.762000	1022.000000
0.762500	1016.000000
0.763000	1016.000000
0.763500	1022.000000
0.764000	1018.000000
0.764500	1018.000000
0.765000	1018.000000
0.765500	1020.000000
0.766000	1018.000000
0.766500	1024.000000
0.767000	1024.000000
0.767500	1014.000000
0.768000	1020.000000
0.768500	1016.000000
0.769000	1022.000000
0.769500	1018.000000
0.770000	1008.000000
0.770500	1022.000000
0.771000	1010.000000
0.771500	1018.000000
0.772000	1018.000000
0.772500	1016.000000
0.773000	1020.000000
0.773500	1022.000000
0.774000	1018.000000
0.774500	1024.000000
0.775000	1018.000000
0.775500	1014.000000
0.776000	1024.000000
0.776500	1018.000000
0.777000	1020.000000
0.777500	1024.000000
0.778000	1010.000000
0.778500	1016.000000
0.779000	1018.000000
0.779500	1020.000000
0.780000	1018.000000
0.780500	1020.000000
0.781000	1018.000000
0.781500	1018.000000
0.782000	1012.000000
0.782500	1020.000000
0.783000	1020.000000
0.783500	1020.000000
0.784000	1024.000000
0.784500	1020.000000
0.785000	1018.000000
0.785500	1020.000000
0.786000	1022.000000
0.786500	1016.000000
0.787000	1022.000000
0.787500	1024.000000
0.788000	1018.000000
0.788500	1024.000000
0.789000	1016.000000
0.789500	1022.000000
0.790000	1022.000000
0.790500	1020.000000
0.791000	1018.000000
0.791500	1020.000000
0.792000	1022.000000
0.792500	1020.000000
0.793000	1022.000000
0.793500	1024.000000
0.794000	1018.000000
0.794500	1016.000000
0.795000	1024.000000
0.795500	1016.000000
0.796000	1022.000000
0.796500	1022.000000
0.797000	1018.000000
0.797500	1022.000000
0.798000	1018.000000
0.798500	1022.000000
0.799000	1022.000000
0.799500	1022.000000
0.800000	1018.000000
