0.000000	-24.000000
0.000500	-8.000000
0.001000	-12.000000
0.001500	-22.000000
0.002000	-16.000000
0.002500	-16.000000
0.003000	28.000000
0.003500	-12.000000
0.004000	-6.000000
0.004500	50.000000
0.005000	-10.000000
0.005500	6.000000
0.006000	26.000000
0.006500	40.000000
0.007000	26.000000
0.007500	46.000000
0.008000	-34.000000
0.008500	0.000000
0.009000	4.000000
0.009500	18.000000
0.010000	40.000000
0.010500	16.000000
0.011000	30.000000
0.011500	28.000000
0.012000	-2.000000
0.012500	-26.000000
0.013000	-4.000000
0.013500	6.000000
0.014000	4.000000
0.014500	-18.000000
0.015000	10.000000
0.015500	-4.000000
0.016000	-12.000000
0.016500	38.000000
0.017000	46.000000
0.017500	-28.000000
0.018000	-22.000000
0.018500	-30.000000
0.019000	20.000000
0.019500	-6.000000
0.020000	-12.000000
0.020500	14.000000
0.021000	82.000000
0.021500	70.000000
0.022000	-4.000000
0.022500	34.000000
0.023000	24.000000
0.023500	22.000000
0.024000	-14.000000
0.024500	-30.000000
0.025000	2.000000
0.025500	-34.000000
0.026000	-46.000000
0.026500	-18.000000
0.027000	-22.000000
0.027500	-46.000000
0.028000	-4.000000
0.028500	2.000000
0.029000	26.000000
0.029500	20.000000
0.030000	-46.000000
0.030500	-30.000000
0.031000	-12.000000
0.031500	10.000000
0.032000	20.000000
0.032500	-4.000000
0.033000	-10.000000
0.033500	-64.000000
0.034000	-40.000000
0.034500	22.000000
0.035000	-16.000000
0.035500	-40.000000
0.036000	38.000000
0.036500	70.000000
0.037000	36.000000
0.037500	22.000000
0.038000	60.000000
0.038500	0.000000
0.039000	-2.000000
0.039500	24.000000
0.040000	-6.000000
0.040500	14.000000
0.041000	-52.000000
0.041500	42.000000
0.042000	70.000000
0.042500	24.000000
0.043000	-72.000000
0.043500	32.000000
0.044000	28.000000
0.044500	4.000000
0.045000	-20.000000
0.045500	-4.000000
0.046000	-6.000000
0.046500	34.000000
0.047000	46.000000
0.047500	12.000000
0.048000	60.000000
0.048500	-44.000000
0.049000	66.000000
0.049500	-4.000000
0.050000	-42.000000
0.050500	60.000000
0.051000	8.000000
0.051500	38.000000
0.052000	22.000000
0.052500	28.000000
0.053000	12.000000
0.053500	6.000000
0.054000	-8.000000
0.054500	16.000000
0.055000	100.000000
0.055500	74.000000
0.056000	12.000000
0.056500	-26.000000
0.057000	-10.000000
0.057500	0.000000
0.058000	-12.000000
0.058500	0.000000
0.059000	-32.000000
0.059500	44.000000
0.060000	-16.000000
0.060500	30.000000
0.061000	4.000000
0.061500	14.000000
0.062000	68.000000
0.062500	-28.000000
0.063000	42.000000
0.063500	-42.000000
0.064000	16.000000
0.064500	34.000000
0.065000	26.000000
0.065500	-36.000000
0.066000	-38.000000
0.066500	-26.000000
0.067000	-36.000000
0.067500	8.000000
0.068000	-10.000000
0.068500	14.000000
0.069000	-10.000000
0.069500	-22.000000
0.070000	-14.000000
0.070500	-92.000000
0.071000	-12.000000
0.071500	12.000000
0.072000	-54.000000
0.072500	38.000000
0.073000	-14.000000
0.073500	10.000000
0.074000	-16.000000
0.074500	-68.000000
0.075000	-8.000000
0.075500	-10.000000
0.076000	28.000000
0.076500	-26.000000
0.077000	30.000000
0.077500	4.000000
0.078000	34.000000
0.078500	-36.000000
0.079000	-34.000000
0.079500	-42.000000
0.080000	-30.000000
0.080500	30.000000
0.081000	-52.000000
0.081500	-6.000000
0.082000	-18.000000
0.082500	-16.000000
0.083000	32.000000
0.083500	-2.000000
0.084000	-60.000000
0.084500	-34.000000
0.085000	34.000000
0.085500	32.000000
0.086000	0.000000
0.086500	-10.000000
0.087000	-28.000000
0.087500	20.000000
0.088000	32.000000
0.088500	2.000000
0.089000	12.000000
0.089500	28.000000
0.090000	-2.000000
0.090500	-24.000000
0.091000	82.000000
0.091500	-34.000000
0.092000	36.000000
0.092500	-26.000000
0.093000	36.000000
0.093500	38.000000
0.094000	56.000000
0.094500	20.000000
0.095000	-52.000000
0.095500	-58.000000
0.096000	-52.000000
0.096500	-30.000000
0.097000	-12.000000
0.097500	68.000000
0.098000	6.000000
0.098500	-4.000000
0.099000	-16.000000
0.099500	12.000000
0.100000	-6.000000
0.100500	-14.000000
0.101000	4.000000
0.101500	0.000000
0.102000	-6.000000
0.102500	-32.000000
0.103000	-30.000000
0.103500	34.000000
0.104000	-12.000000
0.104500	22.000000
0.105000	-10.000000
0.105500	58.000000
0.106000	2.000000
0.106500	-20.000000
0.107000	-48.000000
0.107500	8.000000
0.108000	-8.000000
0.108500	-40.000000
0.109000	20.000000
0.109500	46.000000
0.110000	-36.000000
0.110500	-12.000000
0.111000	44.000000
0.111500	14.000000
0.112000	14.000000
0.112500	2.000000
0.113000	-22.000000
0.113500	92.000000
0.114000	0.000000
0.114500	-74.000000
0.115000	16.000000
0.115500	-12.000000
0.116000	-22.000000
0.116500	46.000000
0.117000	4.000000
0.117500	52.000000
0.118000	-8.000000
0.118500	0.000000
0.119000	-16.000000
0.119500	-32.000000
0.120000	2.000000
0.120500	22.000000
0.121000	-8.000000
0.121500	24.000000
0.122000	-4.000000
0.122500	24.000000
0.123000	72.000000
0.123500	-4.000000
0.124000	-10.000000
0.124500	-26.000000
0.125000	-50.000000
0.125500	20.000000
0.126000	46.000000
0.126500	34.000000
0.127000	-2.000000
0.127500	34.000000
0.128000	14.000000
0.128500	18.000000
0.129000	-2.000000
0.129500	-14.000000
0.130000	38.000000
0.130500	-26.000000
0.131000	0.000000
0.131500	2.000000
0.132000	-24.000000
0.132500	20.000000
0.133000	52.000000
0.133500	-4.000000
0.134000	16.000000
0.134500	14.000000
0.135000	4.000000
0.135500	80.000000
0.136000	28.000000
0.136500	10.000000
0.137000	-4.000000
0.137500	-18.000000
0.138000	10.000000
0.138500	22.000000
0.139000	54.000000
0.139500	82.000000
0.140000	-24.000000
0.140500	38.000000
0.141000	4.000000
0.141500	-2.000000
0.142000	12.000000
0.142500	-18.000000
0.143000	-42.000000
0.143500	-30.000000
0.144000	12.000000
0.144500	2.000000
0.145000	82.000000
0.145500	2.000000
0.146000	-22.000000
0.146500	50.000000
0.147000	24.000000
0.147500	20.000000
0.148000	24.000000
0.148500	-42.000000
0.149000	32.000000
0.149500	64.000000
0.150000	-34.000000
0.150500	4.000000
0.151000	-28.000000
0.151500	14.000000
0.152000	-48.000000
0.152500	62.000000
0.153000	28.000000
0.153500	2.000000
0.154000	40.000000
0.154500	56.000000
0.155000	-24.000000
0.155500	42.000000
0.156000	2.000000
0.156500	18.000000
0.157000	44.000000
0.157500	-22.000000
0.158000	-8.000000
0.158500	32.000000
0.159000	-60.000000
0.159500	4.000000
0.160000	12.000000
0.160500	-24.000000
0.161000	48.000000
0.161500	44.000000
0.162000	-10.000000
0.162500	-4.000000
0.163000	4.000000
0.163500	8.000000
0.164000	-14.000000
0.164500	14.000000
0.165000	16.000000
0.165500	-34.000000
0.166000	-62.000000
0.166500	-28.000000
0.167000	12.000000
0.167500	-30.000000
0.168000	16.000000
0.168500	30.000000
0.169000	32.000000
0.169500	4.000000
0.170000	38.000000
0.170500	-20.000000
0.171000	-14.000000
0.171500	22.000000
0.172000	40.000000
0.172500	0.000000
0.173000	-42.000000
0.173500	50.000000
0.174000	-12.000000
0.174500	86.000000
0.175000	-26.000000
0.175500	-6.000000
0.176000	38.000000
0.176500	6.000000
0.177000	-16.000000
0.177500	10.000000
0.178000	30.000000
0.178500	10.000000
0.179000	10.000000
0.179500	50.000000
0.180000	40.000000
0.180500	-48.000000
0.181000	-38.000000
0.181500	0.000000
0.182000	38.000000
0.182500	12.000000
0.183000	2.000000
0.183500	-30.000000
0.184000	-44.000000
0.184500	-30.000000
0.185000	-26.000000
0.185500	18.000000
0.186000	56.000000
0.186500	-50.000000
0.187000	-56.000000
0.187500	112.000000
0.188000	2.000000
0.188500	-26.000000
0.189000	26.000000
0.189500	-8.000000
0.190000	6.000000
0.190500	8.000000
0.191000	0.000000
0.191500	-24.000000
0.192000	-6.000000
0.192500	12.000000
0.193000	56.000000
0.193500	-4.000000
0.194000	0.000000
0.194500	-46.000000
0.195000	58.000000
0.195500	8.000000
0.196000	50.000000
0.196500	2.000000
0.197000	34.000000
0.197500	50.000000
0.198000	6.000000
0.198500	-18.000000
0.199000	52.000000
0.199500	82.000000
0.200000	2.000000
0.200500	86.000000
0.201000	52.000000
0.201500	-6.000000
0.202000	36.000000
0.202500	10.000000
0.203000	22.000000
0.203500	-34.000000
0.204000	100.000000
0.204500	-28.000000
0.205000	-36.000000
0.205500	-54.000000
0.206000	-24.000000
0.206500	10.000000
0.207000	-40.000000
0.207500	28.000000
0.208000	-22.000000
0.208500	-46.000000
0.209000	-16.000000
0.209500	-20.000000
0.210000	-28.000000
0.210500	-2.000000
0.211000	-34.000000
0.211500	58.000000
0.212000	-62.000000
0.212500	34.000000
0.213000	-46.000000
0.213500	-18.000000
0.214000	-48.000000
0.214500	22.000000
0.215000	30.000000
0.215500	80.000000
0.216000	20.000000
0.216500	10.000000
0.217000	-28.000000
0.217500	-50.000000
0.218000	-22.000000
0.218500	18.000000
0.219000	-46.000000
0.219500	30.000000
0.220000	-32.000000
0.220500	-96.000000
0.221000	-2.000000
0.221500	134.000000
0.222000	30.000000
0.222500	-8.000000
0.223000	24.000000
0.223500	-54.000000
0.224000	2.000000
0.224500	-90.000000
0.225000	8.000000
0.225500	-46.000000
0.226000	-26.000000
0.226500	12.000000
0.227000	-52.000000
0.227500	26.000000
0.228000	-2.000000
0.228500	-56.000000
0.229000	42.000000
0.229500	34.000000
0.230000	-34.000000
0.230500	-46.000000
0.231000	32.000000
0.231500	-6.000000
0.232000	64.000000
0.232500	28.000000
0.233000	56.000000
0.233500	-8.000000
0.234000	-50.000000
0.234500	-44.000000
0.235000	-4.000000
0.235500	-2.000000
0.236000	-44.000000
0.236500	4.000000
0.237000	-22.000000
0.237500	6.000000
0.238000	38.000000
0.238500	88.000000
0.239000	-46.000000
0.239500	-10.000000
0.240000	-70.000000
0.240500	-80.000000
0.241000	46.000000
0.241500	-4.000000
0.242000	-22.000000
0.242500	-92.000000
0.243000	-18.000000
0.243500	-28.000000
0.244000	-50.000000
0.244500	48.000000
0.245000	28.000000
0.245500	-44.000000
0.246000	24.000000
0.246500	-28.000000
0.247000	-24.000000
0.247500	4.000000
0.248000	28.000000
0.248500	-10.000000
0.249000	-54.000000
0.249500	-34.000000
0.250000	82.000000
0.250500	-6.000000
0.251000	-20.000000
0.251500	-40.000000
0.252000	-12.000000
0.252500	52.000000
0.253000	18.000000
0.253500	36.000000
0.254000	-98.000000
0.254500	-16.000000
0.255000	-34.000000
0.255500	-8.000000
0.256000	12.000000
0.256500	-22.000000
0.257000	-8.000000
0.257500	38.000000
0.258000	-14.000000
0.258500	0.000000
0.259000	-72.000000
0.259500	40.000000
0.260000	-40.000000
0.260500	4.000000
0.261000	28.000000
0.261500	22.000000
0.262000	6.000000
0.262500	12.000000
0.263000	12.000000
0.263500	-66.000000
0.264000	-20.000000
0.264500	8.000000
0.265000	42.000000
0.265500	-20.000000
0.266000	18.000000
0.266500	-32.000000
0.267000	74.000000
0.267500	-8.000000
0.268000	-28.000000
0.268500	-12.000000
0.269000	-2.000000
0.269500	6.000000
0.270000	-26.000000
0.270500	8.000000
0.271000	-8.000000
0.271500	-20.000000
0.272000	-24.000000
0.272500	36.000000
0.273000	-2.000000
0.273500	-10.000000
0.274000	-26.000000
0.274500	-12.000000
0.275000	-6.000000
0.275500	-6.000000
0.276000	-14.000000
0.276500	-30.000000
0.277000	34.000000
0.277500	20.000000
0.278000	72.000000
0.278500	-12.000000
0.279000	-6.000000
0.279500	-48.000000
0.280000	-30.000000
0.280500	16.000000
0.281000	16.000000
0.281500	-16.000000
0.282000	-44.000000
0.282500	-54.000000
0.283000	14.000000
0.283500	38.000000
0.284000	24.000000
0.284500	-16.000000
0.285000	38.000000
0.285500	18.000000
0.286000	94.000000
0.286500	-48.000000
0.287000	32.000000
0.287500	-10.000000
0.288000	-20.000000
0.288500	-12.000000
0.289000	38.000000
0.289500	-90.000000
0.290000	42.000000
0.290500	-72.000000
0.291000	-70.000000
0.291500	-30.000000
0.292000	-4.000000
0.292500	-20.000000
0.293000	18.000000
0.293500	-14.000000
0.294000	86.000000
0.294500	-82.000000
0.295000	24.000000
0.295500	94.000000
0.296000	40.000000
0.296500	-22.000000
0.297000	-16.000000
0.297500	6.000000
0.298000	42.000000
0.298500	14.000000
0.299000	20.000000
0.299500	-8.000000
0.300000	16.000000
0.300500	50.000000
0.301000	-30.000000
0.301500	-12.000000
0.302000	-20.000000
0.302500	2.000000
0.303000	96.000000
0.303500	-2.000000
0.304000	-62.000000
0.304500	-10.000000
0.305000	-86.000000
0.305500	-18.000000
0.306000	-16.000000
0.306500	-58.000000
0.307000	-10.000000
0.307500	-30.000000
0.308000	54.000000
0.308500	-90.000000
0.309000	58.000000
0.309500	30.000000
0.310000	-18.000000
0.310500	-58.000000
0.311000	6.000000
0.311500	-46.000000
0.312000	-14.000000
0.312500	-26.000000
0.313000	72.000000
0.313500	-10.000000
0.314000	64.000000
0.314500	-44.000000
0.315000	-4.000000
0.315500	-12.000000
0.316000	-42.000000
0.316500	-38.000000
0.317000	-40.000000
0.317500	26.000000
0.318000	26.000000
0.318500	6.000000
0.319000	-46.000000
0.319500	-40.000000
0.320000	90.000000
0.320500	52.000000
0.321000	16.000000
0.321500	32.000000
0.322000	50.000000
0.322500	64.000000
0.323000	46.000000
0.323500	24.000000
0.324000	14.000000
0.324500	54.000000
0.325000	72.000000
0.325500	-98.000000
0.326000	10.000000
0.326500	28.000000
0.327000	-46.000000
0.327500	-92.000000
0.328000	8.000000
0.328500	-8.000000
0.329000	6.000000
0.329500	2.000000
0.330000	-48.000000
0.330500	16.000000
0.331000	64.000000
0.331500	-10.000000
0.332000	18.000000
0.332500	-24.000000
0.333000	-54.000000
0.333500	6.000000
0.334000	8.000000
0.334500	-8.000000
0.335000	-36.000000
0.335500	-2.000000
0.336000	-46.000000
0.336500	6.000000
0.337000	132.000000
0.337500	20.000000
0.338000	100.000000
0.338500	72.000000
0.339000	-30.000000
0.339500	46.000000
0.340000	18.000000
0.340500	-46.000000
0.341000	-42.000000
0.341500	76.000000
0.342000	-2.000000
0.342500	-2.000000
0.343000	102.000000
0.343500	-44.000000
0.344000	66.000000
0.344500	66.000000
0.345000	34.000000
0.345500	-50.000000
0.346000	16.000000
0.346500	16.000000
0.347000	-2.000000
0.347500	46.000000
0.348000	2.000000
0.348500	40.000000
0.349000	56.000000
0.349500	94.000000
0.350000	-20.000000
0.350500	50.000000
0.351000	42.000000
0.351500	46.000000
0.352000	4.000000
0.352500	70.000000
0.353000	34.000000
0.353500	40.000000
0.354000	52.000000
0.354500	24.000000
0.355000	-48.000000
0.355500	-18.000000
0.356000	-32.000000
0.356500	4.000000
0.357000	-108.000000
0.357500	48.000000
0.358000	8.000000
0.358500	50.000000
0.359000	38.000000
0.359500	-16.000000
0.360000	4.000000
0.360500	84.000000
0.361000	-42.000000
0.361500	72.000000
0.362000	-12.000000
0.362500	48.000000
0.363000	44.000000
0.363500	24.000000
0.364000	12.000000
0.364500	94.000000
0.365000	-82.000000
0.365500	-64.000000
0.366000	40.000000
0.366500	-16.000000
0.367000	-36.000000
0.367500	-56.000000
0.368000	60.000000
0.368500	100.000000
0.369000	-124.000000
0.369500	108.000000
0.370000	50.000000
0.370500	-28.000000
0.371000	-30.000000
0.371500	-70.000000
0.372000	-68.000000
0.372500	-76.000000
0.373000	32.000000
0.373500	84.000000
0.374000	-34.000000
0.374500	26.000000
0.375000	-100.000000
0.375500	34.000000
0.376000	-26.000000
0.376500	-18.000000
0.377000	18.000000
0.377500	16.000000
0.378000	58.000000
0.378500	-106.000000
0.379000	-34.000000
0.379500	14.000000
0.380000	96.000000
0.380500	8.000000
0.381000	4.000000
0.381500	96.000000
0.382000	16.000000
0.382500	-28.000000
0.383000	-60.000000
0.383500	-40.000000
0.384000	-6.000000
0.384500	4.000000
0.385000	6.000000
0.385500	22.000000
0.386000	-98.000000
0.386500	-46.000000
0.387000	-14.000000
0.387500	58.000000
0.388000	-68.000000
0.388500	34.000000
0.389000	-46.000000
0.389500	98.000000
0.390000	-54.000000
0.390500	-92.000000
0.391000	50.000000
0.391500	14.000000
0.392000	52.000000
0.392500	-44.000000
0.393000	110.000000
0.393500	78.000000
0.394000	-106.000000
0.394500	24.000000
0.395000	62.000000
0.395500	-62.000000
0.396000	68.000000
0.396500	36.000000
0.397000	-102.000000
0.397500	-102.000000
0.398000	-100.000000
0.398500	-98.000000
0.399000	10.000000
0.399500	74.000000
0.400000	-10.000000
0.400500	60.000000
0.401000	62.000000
0.401500	-20.000000
0.402000	94.000000
0.402500	10.000000
0.403000	4.000000
0.403500	-26.000000
0.404000	64.000000
0.404500	12.000000
0.405000	36.000000
0.405500	30.000000
0.406000	34.000000
0.406500	114.000000
0.407000	76.000000
0.407500	70.000000
0.408000	-10.000000
0.408500	-6.000000
0.409000	38.000000
0.409500	10.000000
0.410000	118.000000
0.410500	-14.000000
0.411000	-76.000000
0.411500	2.000000
0.412000	16.000000
0.412500	-18.000000
0.413000	0.000000
0.413500	-56.000000
0.414000	-8.000000
0.414500	34.000000
0.415000	-64.000000
0.415500	16.000000
0.416000	16.000000
0.416500	86.000000
0.417000	28.000000
0.417500	-142.000000
0.418000	-58.000000
0.418500	110.000000
0.419000	-152.000000
0.419500	100.000000
0.420000	-72.000000
0.420500	-30.000000
0.421000	-6.000000
0.421500	-34.000000
0.422000	60.000000
0.422500	38.000000
0.423000	-50.000000
0.423500	20.000000
0.424000	-50.000000
0.424500	92.000000
0.425000	34.000000
0.425500	-20.000000
0.426000	-36.000000
0.426500	32.000000
0.427000	-12.000000
0.427500	-62.000000
0.428000	70.000000
0.428500	-50.000000
0.429000	-36.000000
0.429500	-114.000000
0.430000	-2.000000
0.430500	-64.000000
0.431000	-12.000000
0.431500	-34.000000
0.432000	8.000000
0.432500	-32.000000
0.433000	38.000000
0.433500	92.000000
0.434000	-6.000000
0.434500	46.000000
0.435000	26.000000
0.435500	24.000000
0.436000	90.000000
0.436500	-12.000000
0.437000	84.000000
0.437500	12.000000
0.438000	-52.000000
0.438500	-88.000000
0.439000	-76.000000
0.439500	66.000000
0.440000	122.000000
0.440500	110.000000
0.441000	106.000000
0.441500	20.000000
0.442000	90.000000
0.442500	-38.000000
0.443000	-78.000000
0.443500	18.000000
0.444000	-22.000000
0.444500	-20.000000
0.445000	50.000000
0.445500	-10.000000
0.446000	28.000000
0.446500	54.000000
0.447000	104.000000
0.447500	-36.000000
0.448000	-28.000000
0.448500	10.000000
0.449000	-72.000000
0.449500	-78.000000
0.450000	2.000000
0.450500	-102.000000
0.451000	-34.000000
0.451500	-62.000000
0.452000	-104.000000
0.452500	16.000000
0.453000	34.000000
0.453500	-10.000000
0.454000	60.000000
0.454500	-42.000000
0.455000	16.000000
0.455500	126.000000
0.456000	-10.000000
0.456500	-60.000000
0.457000	106.000000
0.457500	26.000000
0.458000	-132.000000
0.458500	80.000000
0.459000	92.000000
0.459500	54.000000
0.460000	134.000000
0.460500	78.000000
0.461000	0.000000
0.461500	-52.000000
0.462000	72.000000
0.462500	102.000000
0.463000	120.000000
0.463500	8.000000
0.464000	26.000000
0.464500	-44.000000
0.465000	-32.000000
0.465500	-40.000000
0.466000	-8.000000
0.466500	-10.000000
0.467000	34.000000
0.467500	26.000000
0.468000	-20.000000
0.468500	-26.000000
0.469000	-58.000000
0.469500	-16.000000
0.470000	8.000000
0.470500	-16.000000
0.471000	28.000000
0.471500	44.000000
0.472000	-70.000000
0.472500	-24.000000
0.473000	-22.000000
0.473500	10.000000
0.474000	-54.000000
0.474500	52.000000
0.475000	54.000000
0.475500	-20.000000
0.476000	0.000000
0.476500	-92.000000
0.477000	-34.000000
0.477500	-2.000000
0.478000	-40.000000
0.478500	-128.000000
0.479000	-34.000000
0.479500	8.000000
0.480000	72.000000
0.480500	62.000000
0.481000	-100.000000
0.481500	-40.000000
0.482000	60.000000
0.482500	58.000000
0.483000	28.000000
0.483500	-22.000000
0.484000	24.000000
0.484500	-30.000000
0.485000	48.000000
0.485500	62.000000
0.486000	140.000000
0.486500	-116.000000
0.487000	10.000000
0.487500	0.000000
0.488000	60.000000
0.488500	32.000000
0.489000	2.000000
0.489500	80.000000
0.490000	108.000000
0.490500	-10.000000
0.491000	76.000000
0.491500	-12.000000
0.492000	22.000000
0.492500	-60.000000
0.493000	44.000000
0.493500	58.000000
0.494000	102.000000
0.494500	6.000000
0.495000	2.000000
0.495500	-54.000000
0.496000	-32.000000
0.496500	74.000000
0.497000	-50.000000
0.497500	-12.000000
0.498000	-72.000000
0.498500	-70.000000
0.499000	-54.000000
0.499500	6.000000
0.500000	-104.000000
0.500500	-92.000000
0.501000	48.000000
0.501500	-46.000000
0.502000	-170.000000
0.502500	-16.000000
0.503000	22.000000
0.503500	22.000000
0.504000	116.000000
0.504500	34.000000
0.505000	18.000000
0.505500	58.000000
0.506000	4.000000
0.506500	-32.000000
0.507000	62.000000
0.507500	-68.000000
0.508000	-50.000000
0.508500	0.000000
0.509000	92.000000
0.509500	28.000000
0.510000	44.000000
0.510500	92.000000
0.511000	-82.000000
0.511500	96.000000
0.512000	64.000000
0.512500	80.000000
0.513000	-20.000000
0.513500	-92.000000
0.514000	-72.000000
0.514500	60.000000
0.515000	52.000000
0.515500	54.000000
0.516000	-8.000000
0.516500	108.000000
0.517000	56.000000
0.517500	46.000000
0.518000	58.000000
0.518500	48.000000
0.519000	78.000000
0.519500	-8.000000
0.520000	-2.000000
0.520500	-4.000000
0.521000	-14.000000
0.521500	-60.000000
0.522000	-14.000000
0.522500	-6.000000
0.523000	-74.000000
0.523500	-8.000000
0.524000	32.000000
0.524500	32.000000
0.525000	-4.000000
0.525500	-10.000000
0.526000	-36.000000
0.526500	-4.000000
0.527000	-66.000000
0.527500	-34.000000
0.528000	-20.000000
0.528500	78.000000
0.529000	-86.000000
0.529500	-42.000000
0.530000	40.000000
0.530500	-42.000000
0.531000	-4.000000
0.531500	128.000000
0.532000	-38.000000
0.532500	116.000000
0.533000	42.000000
0.533500	-58.000000
0.534000	-8.000000
0.534500	-112.000000
0.535000	-32.000000
0.535500	-28.000000
0.536000	-160.000000
0.536500	-48.000000
0.537000	-14.000000
0.537500	-44.000000
0.538000	102.000000
0.538500	58.000000
0.539000	-76.000000
0.539500	50.000000
0.540000	-28.000000
0.540500	94.000000
0.541000	-2.000000
0.541500	-30.000000
0.542000	-32.000000
0.542500	-194.000000
0.543000	26.000000
0.543500	-26.000000
0.544000	-86.000000
0.544500	-134.000000
0.545000	8.000000
0.545500	-72.000000
0.546000	-2.000000
0.546500	2.000000
0.547000	124.000000
0.547500	54.000000
0.548000	-140.000000
0.548500	-8.000000
0.549000	10.000000
0.549500	84.000000
0.550000	94.000000
0.550500	-30.000000
0.551000	-2.000000
0.551500	10.000000
0.552000	-24.000000
0.552500	58.000000
0.553000	22.000000
0.553500	-8.000000
0.554000	-28.000000
0.554500	-24.000000
0.555000	-20.000000
0.555500	-64.000000
0.556000	72.000000
0.556500	92.000000
0.557000	28.000000
0.557500	50.000000
0.558000	82.000000
0.558500	128.000000
0.559000	54.000000
0.559500	-122.000000
0.560000	14.000000
0.560500	-264.000000
0.561000	-34.000000
0.561500	54.000000
0.562000	64.000000
0.562500	4.000000
0.563000	-50.000000
0.563500	20.000000
0.564000	-30.000000
0.564500	64.000000
0.565000	96.000000
0.565500	-78.000000
0.566000	-22.000000
0.566500	28.000000
0.567000	-52.000000
0.567500	-82.000000
0.568000	-64.000000
0.568500	-16.000000
0.569000	-188.000000
0.569500	-128.000000
0.570000	-8.000000
0.570500	62.000000
0.571000	76.000000
0.571500	0.000000
0.572000	86.000000
0.572500	-82.000000
0.573000	20.000000
0.573500	-24.000000
0.574000	-20.000000
0.574500	-52.000000
0.575000	-68.000000
0.575500	46.000000
0.576000	-46.000000
0.576500	10.000000
0.577000	-114.000000
0.577500	-62.000000
0.578000	-94.000000
0.578500	26.000000
0.579000	60.000000
0.579500	86.000000
0.580000	44.000000
0.580500	-62.000000
0.581000	52.000000
0.581500	-132.000000
0.582000	74.000000
0.582500	-18.000000
0.583000	-98.000000
0.583500	-114.000000
0.584000	-90.000000
0.584500	50.000000
0.585000	-142.000000
0.585500	-36.000000
0.586000	-84.000000
0.586500	-104.000000
0.587000	88.000000
0.587500	40.000000
0.588000	-52.000000
0.588500	6.000000
0.589000	100.000000
0.589500	-40.000000
0.590000	-92.000000
0.590500	-84.000000
0.591000	36.000000
0.591500	-96.000000
0.592000	28.000000
0.592500	-50.000000
0.593000	82.000000
0.593500	-120.000000
0.594000	48.000000
0.594500	-88.000000
0.595000	-118.000000
0.595500	30.000000
0.596000	-76.000000
0.596500	-22.000000
0.597000	-2.000000
0.597500	-96.000000
0.598000	164.000000
0.598500	-22.000000
0.599000	78.000000
0.599500	-154.000000
0.600000	-170.000000
0.600500	6.000000
0.601000	66.000000
0.601500	34.000000
0.602000	70.000000
0.602500	48.000000
0.603000	-120.000000
0.603500	42.000000
0.604000	-60.000000
0.604500	10.000000
0.605000	-42.000000
0.605500	68.000000
0.606000	-20.000000
0.606500	-116.000000
0.607000	-200.000000
0.607500	2.000000
0.608000	60.000000
0.608500	44.000000
0.609000	72.000000
0.609500	-30.000000
0.610000	10.000000
0.610500	-30.000000
0.611000	-80.000000
0.611500	-58.000000
0.612000	-32.000000
0.612500	74.000000
0.613000	-32.000000
0.613500	-8.000000
0.614000	-18.000000
0.614500	-68.000000
0.615000	-72.000000
0.615500	28.000000
0.616000	124.000000
0.616500	70.000000
0.617000	122.000000
0.617500	-122.000000
0.618000	-48.000000
0.618500	42.000000
0.619000	174.000000
0.619500	-54.000000
0.620000	-48.000000
0.620500	-22.000000
0.621000	80.000000
0.621500	-42.000000
0.622000	12.000000
0.622500	-66.000000
0.623000	44.000000
0.623500	-10.000000
0.624000	164.000000
0.624500	108.000000
0.625000	78.000000
0.625500	92.000000
0.626000	-18.000000
0.626500	86.000000
0.627000	-28.000000
0.627500	114.000000
0.628000	-122.000000
0.628500	68.000000
0.629000	44.000000
0.629500	-122.000000
0.630000	4.000000
0.630500	92.000000
0.631000	38.000000
0.631500	-128.000000
0.632000	-82.000000
0.632500	276.000000
0.633000	-154.000000
0.633500	82.000000
0.634000	100.000000
0.634500	-122.000000
0.635000	-152.000000
0.635500	-44.000000
0.636000	-20.000000
0.636500	-30.000000
0.637000	-114.000000
0.637500	-28.000000
0.638000	78.000000
0.638500	-142.000000
0.639000	-54.000000
0.639500	-112.000000
0.640000	-44.000000
0.640500	8.000000
0.641000	-134.000000
0.641500	-38.000000
0.642000	16.000000
0.642500	268.000000
0.643000	-104.000000
0.643500	-106.000000
0.644000	124.000000
0.644500	50.000000
0.645000	184.000000
0.645500	-100.000000
0.646000	-112.000000
0.646500	86.000000
0.647000	8.000000
0.647500	102.000000
0.648000	-70.000000
0.648500	10.000000
0.649000	8.000000
0.649500	-48.000000
0.650000	-128.000000
0.650500	-68.000000
0.651000	-18.000000
0.651500	128.000000
0.652000	192.000000
0.652500	172.000000
0.653000	-48.000000
0.653500	42.000000
0.654000	-32.000000
0.654500	-246.000000
0.655000	-88.000000
0.655500	84.000000
0.656000	-134.000000
0.656500	-126.000000
0.657000	-80.000000
0.657500	-64.000000
0.658000	-68.000000
0.658500	20.000000
0.659000	-110.000000
0.659500	-188.000000
0.660000	-94.000000
0.660500	188.000000
0.661000	142.000000
0.661500	0.000000
0.662000	-186.000000
0.662500	-170.000000
0.663000	92.000000
0.663500	34.000000
0.664000	132.000000
0.664500	146.000000
0.665000	30.000000
0.665500	88.000000
0.666000	-204.000000
0.666500	-148.000000
0.667000	158.000000
0.667500	-72.000000
0.668000	-2.000000
0.668500	136.000000
0.669000	-86.000000
0.669500	-44.000000
0.670000	-284.000000
0.670500	-26.000000
0.671000	350.000000
0.671500	16.000000
0.672000	38.000000
0.672500	-116.000000
0.673000	140.000000
0.673500	108.000000
0.674000	-140.000000
0.674500	96.000000
0.675000	-264.000000
0.675500	-172.000000
0.676000	68.000000
0.676500	104.000000
0.677000	128.000000
0.677500	-116.000000
0.678000	-200.000000
0.678500	-40.000000
0.679000	-158.000000
0.679500	-222.000000
0.680000	-68.000000
0.680500	-84.000000
0.681000	154.000000
0.681500	58.000000
0.682000	4.000000
0.682500	-206.000000
0.683000	-56.000000
0.683500	-34.000000
0.684000	100.000000
0.684500	18.000000
0.685000	-140.000000
0.685500	336.000000
0.686000	52.000000
0.686500	-124.000000
0.687000	58.000000
0.687500	-62.000000
0.688000	-270.000000
0.688500	164.000000
0.689000	84.000000
0.689500	-170.000000
0.690000	158.000000
0.690500	-276.000000
0.691000	100.000000
0.691500	-72.000000
0.692000	-36.000000
0.692500	128.000000
0.693000	130.000000
0.693500	-142.000000
0.694000	-296.000000
0.694500	28.000000
0.695000	-42.000000
0.695500	266.000000
0.696000	-164.000000
0.696500	208.000000
0.697000	-324.000000
0.697500	168.000000
0.698000	-28.000000
0.698500	-186.000000
0.699000	94.000000
0.699500	290.000000
0.700000	-18.000000
0.700500	38.000000
0.701000	-158.000000
0.701500	226.000000
0.702000	-92.000000
0.702500	-26.000000
0.703000	-348.000000
0.703500	-186.000000
0.704000	-32.000000
0.704500	150.000000
0.705000	108.000000
0.705500	-190.000000
0.706000	-134.000000
0.706500	-140.000000
0.707000	-220.000000
0.707500	124.000000
0.708000	-84.000000
0.708500	130.000000
0.709000	92.000000
0.709500	-146.000000
0.710000	152.000000
0.710500	216.000000
0.711000	-136.000000
0.711500	274.000000
0.712000	138.000000
0.712500	-262.000000
0.713000	-250.000000
0.713500	-280.000000
0.714000	208.000000
0.714500	40.000000
0.715000	158.000000
0.715500	-4.000000
0.716000	-242.000000
0.716500	-84.000000
0.717000	-318.000000
0.717500	132.000000
0.718000	76.000000
0.718500	-84.000000
0.719000	192.000000
0.719500	-270.000000
0.720000	58.000000
0.720500	114.000000
0.721000	180.000000
0.721500	54.000000
0.722000	-284.000000
0.722500	56.000000
0.723000	-30.000000
0.723500	110.000000
0.724000	86.000000
0.724500	-38.000000
0.725000	24.000000
0.725500	90.000000
0.726000	-44.000000
0.726500	46.000000
0.727000	-74.000000
0.727500	-108.000000
0.728000	20.000000
0.728500	44.000000
0.729000	96.000000
0.729500	28.000000
0.730000	48.000000
0.730500	-142.000000
0.731000	38.000000
0.731500	-192.000000
0.732000	-18.000000
0.732500	60.000000
0.733000	-20.000000
0.733500	-146.000000
0.734000	-66.000000
0.734500	92.000000
0.735000	50.000000
0.735500	-120.000000
0.736000	-208.000000
0.736500	22.000000
0.737000	118.000000
0.737500	90.000000
0.738000	28.000000
0.738500	78.000000
0.739000	-132.000000
0.739500	-62.000000
0.740000	-20.000000
0.740500	-226.000000
0.741000	294.000000
0.741500	202.000000
0.742000	-56.000000
0.742500	296.000000
0.743000	14.000000
0.743500	24.000000
0.744000	-46.000000
0.744500	-278.000000
0.745000	-364.000000
0.745500	30.000000
0.746000	182.000000
0.746500	-66.000000
0.747000	-258.000000
0.747500	6.000000
0.748000	262.000000
0.748500	-108.000000
0.749000	306.000000
0.749500	16.000000
0.750000	298.000000
0.750500	-92.000000
0.751000	-34.000000
0.751500	-206.000000
0.752000	-42.000000
0.752500	-58.000000
0.753000	168.000000
0.753500	134.000000
0.754000	114.000000
0.754500	36.000000
0.755000	-146.000000
0.755500	-294.000000
0.756000	188.000000
0.756500	18.000000
0.757000	244.000000
0.757500	-248.000000
0.758000	-180.000000
0.758500	-76.000000
0.759000	-14.000000
0.759500	102.000000
0.760000	-4.000000
0.760500	198.000000
0.761000	188.000000
0.761500	-134.000000
0.762000	48.000000
0.762500	60.000000
0.763000	176.000000
0.763500	96.000000
0.764000	78.000000
0.764500	-106.000000
0.765000	-106.000000
0.765500	16.000000
0.766000	-236.000000
0.766500	60.000000
0.767000	166.000000
0.767500	30.000000
0.768000	378.000000
0.768500	-180.000000
0.769000	-288.000000
0.769500	320.000000
0.770000	132.000000
0.770500	28.000000
0.771000	-218.000000
0.771500	-100.000000
0.772000	-56.000000
0.772500	-290.000000
0.773000	-96.000000
0.773500	106.000000
0.774000	8.000000
0.774500	32.000000
0.775000	280.000000
0.775500	168.000000
0.776000	96.000000
0.776500	-306.000000
0.777000	-182.000000
0.777500	-136.000000
0.778000	-304.000000
0.778500	-122.000000
0.779000	-192.000000
0.779500	170.000000
0.780000	58.000000
0.780500	182.000000
0.781000	90.000000
0.781500	-262.000000
0.782000	162.000000
0.782500	4.000000
0.783000	-130.000000
0.783500	-288.000000
0.784000	-72.000000
0.784500	98.000000
0.785000	276.000000
0.785500	88.000000
0.786000	74.000000
0.786500	-400.000000
0.787000	-100.000000
0.787500	-172.000000
0.788000	-242.000000
0.788500	-222.000000
0.789000	-238.000000
0.789500	38.000000
0.790000	0.000000
0.790500	52.000000
0.791000	160.000000
0.791500	118.000000
0.792000	-82.000000
0.792500	-278.000000
0.793000	-376.000000
0.793500	-106.000000
0.794000	-42.000000
0.794500	162.000000
0.795000	-176.000000
0.795500	166.000000
0.796000	370.000000
0.796500	202.000000
0.797000	182.000000
0.797500	-472.000000
0.798000	406.000000
0.798500	-236.000000
0.799000	114.000000
0.799500	84.000000
0.800000	-284.000000
0.800500	-250.000000
0.801000	-266.000000
0.801500	38.000000
0.802000	56.000000
0.802500	298.000000
0.803000	84.000000
0.803500	114.000000
0.804000	488.000000
0.804500	196.000000
0.805000	-226.000000
0.805500	454.000000
0.806000	16.000000
0.806500	38.000000
0.807000	286.000000
0.807500	154.000000
0.808000	-228.000000
0.808500	384.000000
0.809000	182.000000
0.809500	102.000000
0.810000	-58.000000
0.810500	-128.000000
0.811000	212.000000
0.811500	12.000000
0.812000	316.000000
0.812500	420.000000
0.813000	-202.000000
0.813500	-306.000000
0.814000	186.000000
0.814500	128.000000
0.815000	-358.000000
0.815500	222.000000
0.816000	16.000000
0.816500	-136.000000
0.817000	330.000000
0.817500	-688.000000
0.818000	-152.000000
0.818500	264.000000
0.819000	-58.000000
0.819500	634.000000
0.820000	-144.000000
0.820500	-224.000000
0.821000	458.000000
0.821500	338.000000
0.822000	-298.000000
0.822500	-12.000000
0.823000	252.000000
0.823500	-334.000000
0.824000	424.000000
0.824500	-184.000000
0.825000	-168.000000
0.825500	188.000000
0.826000	-132.000000
0.826500	386.000000
0.827000	-610.000000
0.827500	186.000000
0.828000	-424.000000
0.828500	-454.000000
0.829000	54.000000
0.829500	-212.000000
0.830000	-170.000000
0.830500	22.000000
0.831000	-224.000000
0.831500	-96.000000
0.832000	-246.000000
0.832500	136.000000
0.833000	148.000000
0.833500	360.000000
0.834000	592.000000
0.834500	-112.000000
0.835000	-150.000000
0.835500	334.000000
0.836000	400.000000
0.836500	-12.000000
0.837000	590.000000
0.837500	-756.000000
0.838000	98.000000
0.838500	360.000000
0.839000	918.000000
0.839500	-596.000000
0.840000	-88.000000
0.840500	-220.000000
0.841000	-536.000000
0.841500	-466.000000
0.842000	-116.000000
0.842500	-534.000000
0.843000	330.000000
0.843500	300.000000
0.844000	96.000000
0.844500	312.000000
0.845000	342.000000
0.845500	-750.000000
0.846000	538.000000
0.846500	560.000000
0.847000	-638.000000
0.847500	-696.000000
0.848000	-36.000000
0.848500	-328.000000
0.849000	-640.000000
0.849500	-608.000000
0.850000	420.000000
0.850500	-236.000000
0.851000	-866.000000
0.851500	230.000000
0.852000	586.000000
0.852500	722.000000
0.853000	-508.000000
0.853500	-180.000000
0.854000	-42.000000
0.854500	-434.000000
0.855000	-510.000000
0.855500	714.000000
0.856000	-30.000000
0.856500	8.000000
0.857000	-516.000000
0.857500	-640.000000
0.858000	508.000000
0.858500	-478.000000
0.859000	556.000000
0.859500	712.000000
0.860000	460.000000
0.860500	292.000000
0.861000	740.000000
0.861500	-634.000000
0.862000	820.000000
0.862500	-614.000000
0.863000	758.000000
0.863500	692.000000
0.864000	-750.000000
0.864500	-870.000000
0.865000	-746.000000
0.865500	72.000000
0.866000	734.000000
0.866500	-336.000000
0.867000	684.000000
0.867500	52.000000
0.868000	-718.000000
0.868500	714.000000
0.869000	806.000000
0.869500	-774.000000
0.870000	496.000000
0.870500	638.000000
0.871000	538.000000
0.871500	-136.000000
0.872000	796.000000
0.872500	658.000000
0.873000	-768.000000
0.873500	-822.000000
0.874000	752.000000
0.874500	672.000000
0.875000	364.000000
0.875500	730.000000
0.876000	-768.000000
0.876500	-204.000000
0.877000	662.000000
0.877500	810.000000
0.878000	514.000000
0.878500	-376.000000
0.879000	110.000000
0.879500	-388.000000
0.880000	-612.000000
0.880500	712.000000
0.881000	326.000000
0.881500	826.000000
0.882000	770.000000
0.882500	818.000000
0.883000	702.000000
0.883500	644.000000
0.884000	556.000000
0.884500	616.000000
0.885000	690.000000
0.885500	652.000000
0.886000	768.000000
0.886500	802.000000
0.887000	772.000000
0.887500	834.000000
0.888000	820.000000
0.888500	752.000000
0.889000	870.000000
0.889500	-884.000000
0.890000	-788.000000
0.890500	-858.000000
0.891000	-786.000000
0.891500	-778.000000
0.892000	-616.000000
0.892500	-832.000000
0.893000	-562.000000
0.893500	-686.000000
0.894000	-814.000000
0.894500	-858.000000
0.895000	-712.000000
0.895500	-734.000000
0.896000	-844.000000
0.896500	374.000000
0.897000	662.000000
0.897500	850.000000
0.898000	870.000000
0.898500	818.000000
0.899000	716.000000
0.899500	864.000000
0.900000	760.000000
0.900500	650.000000
0.901000	854.000000
0.901500	746.000000
0.902000	850.000000
0.902500	898.000000
0.903000	714.000000
0.903500	796.000000
0.904000	736.000000
0.904500	704.000000
0.905000	734.000000
0.905500	744.000000
0.906000	670.000000
0.906500	818.000000
0.907000	534.000000
0.907500	758.000000
0.908000	796.000000
0.908500	876.000000
0.909000	844.000000
0.909500	892.000000
0.910000	902.000000
0.910500	814.000000
0.911000	852.000000
0.911500	670.000000
0.912000	860.000000
0.912500	816.000000
0.913000	776.000000
0.913500	686.000000
0.914000	854.000000
0.914500	814.000000
0.915000	690.000000
0.915500	806.000000
0.916000	894.000000
0.916500	872.000000
0.917000	648.000000
0.917500	780.000000
0.918000	892.000000
0.918500	830.000000
0.919000	884.000000
0.919500	786.000000
0.920000	740.000000
0.920500	902.000000
0.921000	710.000000
0.921500	864.000000
0.922000	904.000000
0.922500	880.000000
0.923000	816.000000
0.923500	906.000000
0.924000	928.000000
0.924500	794.000000
0.925000	856.000000
0.925500	900.000000
0.926000	716.000000
0.926500	832.000000
0.927000	794.000000
0.927500	808.000000
0.928000	930.000000
0.928500	906.000000
0.929000	926.000000
0.929500	876.000000
0.930000	856.000000
0.930500	788.000000
0.931000	888.000000
0.931500	836.000000
0.932000	822.000000
0.932500	892.000000
0.933000	932.000000
0.933500	458.000000
0.934000	914.000000
0.934500	904.000000
0.935000	888.000000
0.935500	866.000000
0.936000	894.000000
0.936500	924.000000
0.937000	890.000000
0.937500	890.000000
0.938000	914.000000
0.938500	888.000000
0.939000	918.000000
0.939500	854.000000
0.940000	740.000000
0.940500	872.000000
0.941000	924.000000
0.941500	940.000000
0.942000	776.000000
0.942500	728.000000
0.943000	924.000000
0.943500	876.000000
0.944000	906.000000
0.944500	838.000000
0.945000	838.000000
0.945500	886.000000
0.946000	824.000000
0.946500	796.000000
0.947000	770.000000
0.947500	816.000000
0.948000	922.000000
0.948500	976.000000
0.949000	778.000000
0.949500	862.000000
0.950000	876.000000
0.950500	838.000000
0.951000	918.000000
0.951500	918.000000
0.952000	920.000000
0.952500	938.000000
0.953000	970.000000
0.953500	886.000000
0.954000	904.000000
0.954500	916.000000
0.955000	900.000000
0.955500	840.000000
0.956000	860.000000
0.956500	928.000000
0.957000	896.000000
0.957500	904.000000
0.958000	878.000000
0.958500	878.000000
0.959000	888.000000
0.959500	916.000000
0.960000	930.000000
0.960500	954.000000
0.961000	914.000000
0.961500	856.000000
0.962000	930.000000
0.962500	902.000000
0.963000	858.000000
0.963500	926.000000
0.964000	934.000000
0.964500	906.000000
0.965000	858.000000
0.965500	922.000000
0.966000	944.000000
0.966500	944.000000
0.967000	830.000000
0.967500	934.000000
0.968000	928.000000
0.968500	908.000000
0.969000	820.000000
0.969500	914.000000
0.970000	866.000000
0.970500	930.000000
0.971000	832.000000
0.971500	930.000000
0.972000	868.000000
0.972500	856.000000
0.973000	832.000000
0.973500	918.000000
0.974000	916.000000
0.974500	940.000000
0.975000	920.000000
0.975500	934.000000
0.976000	824.000000
0.976500	940.000000
0.977000	946.000000
0.977500	924.000000
0.978000	922.000000
0.978500	912.000000
0.979000	962.000000
0.979500	960.000000
0.980000	942.000000
0.980500	938.000000
0.981000	910.000000
0.981500	932.000000
0.982000	912.000000
0.982500	926.000000
0.983000	916.000000
0.983500	942.000000
0.984000	912.000000
0.984500	928.000000
0.985000	894.000000
0.985500	930.000000
0.986000	910.000000
0.986500	908.000000
0.987000	942.000000
0.987500	952.000000
0.988000	958.000000
0.988500	866.000000
0.989000	900.000000
0.989500	930.000000
0.990000	886.000000
0.990500	948.000000
0.991000	942.000000
0.991500	928.000000
0.992000	938.000000
0.992500	954.000000
0.993000	942.000000
0.993500	924.000000
0.994000	954.000000
0.994500	912.000000
0.995000	946.000000
0.995500	930.000000
0.996000	930.000000
0.996500	958.000000
0.997000	918.000000
0.997500	976.000000
0.998000	914.000000
0.998500	930.000000
0.999000	910.000000
0.999500	894.000000
1.000000	902.000000
1.000500	904.000000
1.001000	938.000000
1.001500	976.000000
1.002000	912.000000
1.002500	954.000000
1.003000	898.000000
1.003500	932.000000
1.004000	936.000000
1.004500	996.000000
1.005000	894.000000
1.005500	946.000000
1.006000	952.000000
1.006500	940.000000
1.007000	946.000000
1.007500	918.000000
1.008000	950.000000
1.008500	970.000000
1.009000	954.000000
1.009500	942.000000
1.010000	936.000000
1.010500	978.000000
1.011000	932.000000
1.011500	968.000000
1.012000	878.000000
1.012500	958.000000
1.013000	890.000000
1.013500	878.000000
1.014000	982.000000
1.014500	802.000000
1.015000	952.000000
1.015500	948.000000
1.016000	918.000000
1.016500	970.000000
1.017000	908.000000
1.017500	946.000000
1.018000	952.000000
1.018500	964.000000
1.019000	952.000000
1.019500	938.000000
1.020000	964.000000
1.020500	862.000000
1.021000	930.000000
1.021500	956.000000
1.022000	964.000000
1.022500	972.000000
1.023000	960.000000
1.023500	972.000000
1.024000	952.000000
1.024500	984.000000
1.025000	942.000000
1.025500	944.000000
1.026000	934.000000
1.026500	970.000000
1.027000	964.000000
1.027500	902.000000
1.028000	912.000000
1.028500	966.000000
1.029000	978.000000
1.029500	948.000000
1.030000	960.000000
1.030500	934.000000
1.031000	996.000000
1.031500	992.000000
1.032000	950.000000
1.032500	978.000000
1.033000	922.000000
1.033500	978.000000
1.034000	962.000000
1.034500	958.000000
1.035000	930.000000
1.035500	968.000000
1.036000	960.000000
1.036500	978.000000
1.037000	942.000000
1.037500	958.000000
1.038000	944.000000
1.038500	960.000000
1.039000	970.000000
1.039500	988.000000
1.040000	982.000000
1.040500	978.000000
1.041000	968.000000
1.041500	956.000000
1.042000	944.000000
1.042500	912.000000
1.043000	938.000000
1.043500	954.000000
1.044000	990.000000
1.044500	972.000000
1.045000	976.000000
1.045500	958.000000
1.046000	986.000000
1.046500	952.000000
1.047000	936.000000
1.047500	964.000000
1.048000	968.000000
1.048500	938.000000
1.049000	948.000000
1.049500	966.000000
1.050000	976.000000
1.050500	990.000000
1.051000	948.000000
1.051500	956.000000
1.052000	960.000000
1.052500	956.000000
1.053000	972.000000
1.053500	966.000000
1.054000	992.000000
1.054500	980.000000
1.055000	950.000000
1.055500	932.000000
1.056000	948.000000
1.056500	964.000000
1.057000	980.000000
1.057500	934.000000
1.058000	954.000000
1.058500	942.000000
1.059000	984.000000
1.059500	982.000000
1.060000	962.000000
1.060500	908.000000
1.061000	974.000000
1.061500	984.000000
1.062000	944.000000
1.062500	992.000000
1.063000	968.000000
1.063500	990.000000
1.064000	976.000000
1.064500	980.000000
1.065000	962.000000
1.065500	976.000000
1.066000	986.000000
1.066500	954.000000
1.067000	970.000000
1.067500	996.000000
1.068000	950.000000
1.068500	970.000000
1.069000	972.000000
1.069500	988.000000
1.070000	962.000000
1.070500	970.000000
1.071000	966.000000
1.071500	964.000000
1.072000	942.000000
1.072500	964.000000
1.073000	958.000000
1.073500	954.000000
1.074000	992.000000
1.074500	972.000000
1.075000	960.000000
1.075500	958.000000
1.076000	978.000000
1.076500	978.000000
1.077000	956.000000
1.077500	954.000000
1.078000	950.000000
1.078500	960.000000
1.079000	952.000000
1.079500	940.000000
1.080000	960.000000
1.080500	958.000000
1.081000	978.000000
1.081500	934.000000
1.082000	988.000000
1.082500	970.000000
1.083000	988.000000
1.083500	982.000000
1.084000	974.000000
1.084500	986.000000
1.085000	984.000000
1.085500	994.000000
1.086000	966.000000
1.086500	966.000000
1.087000	966.000000
1.087500	974.000000
1.088000	982.000000
1.088500	974.000000
1.089000	966.000000
1.089500	990.000000
1.090000	980.000000
1.090500	938.000000
1.091000	956.000000
1.091500	996.000000
1.092000	972.000000
1.092500	970.000000
1.093000	980.000000
1.093500	966.000000
1.094000	956.000000
1.094500	994.000000
1.095000	966.000000
1.095500	998.000000
1.096000	1004.000000
1.096500	954.000000
1.097000	972.000000
1.097500	988.000000
1.098000	990.000000
1.098500	982.000000
1.099000	970.000000
1.099500	980.000000
1.100000	986.000000
1.100500	926.000000
1.101000	984.000000
1.101500	994.000000
1.102000	988.000000
1.102500	948.000000
1.103000	962.000000
1.103500	946.000000
1.104000	952.000000
1.104500	992.000000
1.105000	982.000000
1.105500	966.000000
1.106000	922.000000
1.106500	978.000000
1.107000	978.000000
1.107500	980.000000
1.108000	984.000000
1.108500	978.000000
1.109000	948.000000
1.109500	984.000000
1.110000	972.000000
1.110500	1002.000000
1.111000	988.000000
1.111500	1000.000000
1.112000	1004.000000
1.112500	1002.000000
1.113000	1000.000000
1.113500	996.000000
1.114000	976.000000
1.114500	968.000000
1.115000	984.000000
1.115500	976.000000
1.116000	986.000000
1.116500	994.000000
1.117000	990.000000
1.117500	974.000000
1.118000	986.000000
1.118500	998.000000
1.119000	994.000000
1.119500	996.000000
1.120000	980.000000
1.120500	990.000000
1.121000	958.000000
1.121500	978.000000
1.122000	1002.000000
1.122500	992.000000
1.123000	994.000000
1.123500	986.000000
1.124000	972.000000
1.124500	978.000000
1.125000	992.000000
1.125500	1004.000000
1.126000	966.000000
1.126500	996.000000
1.127000	970.000000
1.127500	990.000000
1.128000	970.000000
1.128500	960.000000
1.129000	996.000000
1.129500	958.000000
1.130000	974.000000
1.130500	988.000000
1.131000	994.000000
1.131500	976.000000
1.132000	998.000000
1.132500	968.000000
1.133000	978.000000
1.133500	986.000000
1.134000	994.000000
1.134500	1010.000000
1.135000	986.000000
1.135500	978.000000
1.136000	996.000000
1.136500	990.000000
1.137000	974.000000
1.137500	980.000000
1.138000	988.000000
1.138500	992.000000
1.139000	970.000000
1.139500	988.000000
1.140000	978.000000
1.140500	976.000000
1.141000	982.000000
1.141500	998.000000
1.142000	978.000000
1.142500	994.000000
1.143000	988.000000
1.143500	962.000000
1.144000	974.000000
1.144500	980.000000
1.145000	1002.000000
1.145500	990.000000
1.146000	972.000000
1.146500	992.000000
1.147000	994.000000
1.147500	966.000000
1.148000	968.000000
1.148500	992.000000
1.149000	978.000000
1.149500	990.000000
1.150000	1004.000000
1.150500	978.000000
1.151000	978.000000
1.151500	988.000000
1.152000	996.000000
1.152500	976.000000
1.153000	1000.000000
1.153500	1000.000000
1.154000	1000.000000
1.154500	1006.000000
1.155000	988.000000
1.155500	1000.000000
1.156000	974.000000
1.156500	1016.000000
1.157000	980.000000
1.157500	1002.000000
1.158000	980.000000
1.158500	998.000000
1.159000	988.000000
1.159500	996.000000
1.160000	1006.000000
1.160500	994.000000
1.161000	994.000000
1.161500	978.000000
1.162000	960.000000
1.162500	982.000000
1.163000	984.000000
1.163500	1002.000000
1.164000	1002.000000
1.164500	988.000000
1.165000	980.000000
1.165500	992.000000
1.166000	962.000000
1.166500	992.000000
1.167000	976.000000
1.167500	1002.000000
1.168000	994.000000
1.168500	986.000000
1.169000	994.000000
1.169500	984.000000
1.170000	986.000000
1.170500	1004.000000
1.171000	994.000000
1.171500	1004.000000
1.172000	1004.000000
1.172500	998.000000
1.173000	1010.000000
1.173500	970.000000
1.174000	996.000000
1.174500	992.000000
1.175000	990.000000
1.175500	972.000000
1.176000	1008.000000
1.176500	976.000000
1.177000	1004.000000
1.177500	994.000000
1.178000	978.000000
1.178500	996.000000
1.179000	1008.000000
1.179500	996.000000
1.180000	998.000000
1.180500	986.000000
1.181000	1000.000000
1.181500	1000.000000
1.182000	1004.000000
1.182500	986.000000
1.183000	1006.000000
1.183500	1006.000000
1.184000	988.000000
1.184500	1002.000000
1.185000	990.000000
1.185500	1000.000000
1.186000	1002.000000
1.186500	976.000000
1.187000	996.000000
1.187500	986.000000
1.188000	990.000000
1.188500	982.000000
1.189000	992.000000
1.189500	978.000000
1.190000	992.000000
1.190500	996.000000
1.191000	1002.000000
1.191500	1000.000000
1.192000	978.000000
1.192500	1000.000000
1.193000	962.000000
1.193500	986.000000
1.194000	1002.000000
1.194500	992.000000
1.195000	1000.000000
1.195500	1004.000000
1.196000	996.000000
1.196500	1012.000000
1.197000	996.000000
1.197500	1000.000000
1.198000	1008.000000
1.198500	1006.000000
1.199000	984.000000
1.199500	992.000000
1.200000	996.000000
