1.000000	1024.000000
0.999000	1024.000000
0.998000	1022.000000
0.997000	1024.000000
0.996000	1024.000000
0.995000	1024.000000
0.994000	1024.000000
0.993000	1024.000000
0.992000	1024.000000
0.991000	1024.000000
0.990000	1022.000000
0.989000	1024.000000
0.988000	1024.000000
0.987000	1024.000000
0.986000	1020.000000
0.985000	1024.000000
0.984000	1024.000000
0.983000	1022.000000
0.982000	1024.000000
0.981000	1024.000000
0.980000	1024.000000
0.979000	1024.000000
0.978000	1024.000000
0.977000	1022.000000
0.976000	1024.000000
0.975000	1024.000000
0.974000	1024.000000
0.973000	1024.000000
0.972000	1024.000000
0.971000	1024.000000
0.970000	1020.000000
0.969000	1024.000000
0.968000	1020.000000
0.967000	1024.000000
0.966000	1024.000000
0.965000	1024.000000
0.964000	1022.000000
0.963000	1024.000000
0.962000	1024.000000
0.961000	1022.000000
0.960000	1022.000000
0.959000	1024.000000
0.958000	1020.000000
0.957000	1024.000000
0.956000	1024.000000
0.955000	1024.000000
0.954000	1024.000000
0.953000	1022.000000
0.952000	1022.000000
0.951000	1022.000000
0.950000	1024.000000
0.949000	1024.000000
0.948000	1024.000000
0.947000	1024.000000
0.946000	1024.000000
0.945000	1024.000000
0.944000	1024.000000
0.943000	1024.000000
0.942000	1024.000000
0.941000	1024.000000
0.940000	1022.000000
0.939000	1024.000000
0.938000	1024.000000
0.937000	1024.000000
0.936000	1024.000000
0.935000	1024.000000
0.934000	1022.000000
0.933000	1024.000000
0.932000	1024.000000
0.931000	1024.000000
0.930000	1024.000000
0.929000	1024.000000
0.928000	1022.000000
0.927000	1024.000000
0.926000	1024.000000
0.925000	1024.000000
0.924000	1022.000000
0.923000	1022.000000
0.922000	1022.000000
0.921000	1022.000000
0.920000	1024.000000
0.919000	1024.000000
0.918000	1024.000000
0.917000	1022.000000
0.916000	1020.000000
0.915000	1024.000000
0.914000	1022.000000
0.913000	1024.000000
0.912000	1024.000000
0.911000	1022.000000
0.910000	1024.000000
0.909000	1022.000000
0.908000	1022.000000
0.907000	1024.000000
0.906000	1024.000000
0.905000	1024.000000
0.904000	1022.000000
0.903000	1018.000000
0.902000	1020.000000
0.901000	1022.000000
0.900000	1020.000000
0.899000	1020.000000
0.898000	1024.000000
0.897000	1020.000000
0.896000	1020.000000
0.895000	1024.000000
0.894000	1024.000000
0.893000	1022.000000
0.892000	1024.000000
0.891000	1024.000000
0.890000	1022.000000
0.889000	1024.000000
0.888000	1022.000000
0.887000	1024.000000
0.886000	1022.000000
0.885000	1022.000000
0.884000	1024.000000
0.883000	1020.000000
0.882000	1022.000000
0.881000	1024.000000
0.880000	1022.000000
0.879000	1024.000000
0.878000	1022.000000
0.877000	1024.000000
0.876000	1020.000000
0.875000	1020.000000
0.874000	1020.000000
0.873000	1022.000000
0.872000	1022.000000
0.871000	1024.000000
0.870000	1024.000000
0.869000	1024.000000
0.868000	1024.000000
0.867000	1022.000000
0.866000	1020.000000
0.865000	1022.000000
0.864000	1024.000000
0.863000	1024.000000
0.862000	1022.000000
0.861000	1024.000000
0.860000	1024.000000
0.859000	1016.000000
0.858000	1024.000000
0.857000	1020.000000
0.856000	1020.000000
0.855000	1020.000000
0.854000	1024.000000
0.853000	1020.000000
0.852000	1022.000000
0.851000	1020.000000
0.850000	1022.000000
0.849000	1018.000000
0.848000	1020.000000
0.847000	1022.000000
0.846000	1020.000000
0.845000	1018.000000
0.844000	1024.000000
0.843000	1020.000000
0.842000	1024.000000
0.841000	1022.000000
0.840000	1020.000000
0.839000	1024.000000
0.838000	1024.000000
0.837000	1024.000000
0.836000	1022.000000
0.835000	1022.000000
0.834000	1020.000000
0.833000	1020.000000
0.832000	1020.000000
0.831000	1024.000000
0.830000	1020.000000
0.829000	1020.000000
0.828000	1022.000000
0.827000	1018.000000
0.826000	1024.000000
0.825000	1020.000000
0.824000	1022.000000
0.823000	1022.000000
0.822000	1020.000000
0.821000	1024.000000
0.820000	1018.000000
0.819000	1022.000000
0.818000	1022.000000
0.817000	1024.000000
0.816000	1016.000000
0.815000	1022.000000
0.814000	1020.000000
0.813000	1016.000000
0.812000	1018.000000
0.811000	1024.000000
0.810000	1014.000000
0.809000	1008.000000
0.808000	1020.000000
0.807000	1022.000000
0.806000	1024.000000
0.805000	1020.000000
0.804000	1024.000000
0.803000	1020.000000
0.802000	1022.000000
0.801000	1012.000000
0.800000	1016.000000
0.799000	1018.000000
0.798000	1014.000000
0.797000	1022.000000
0.796000	1020.000000
0.795000	1022.000000
0.794000	1020.000000
0.793000	1024.000000
0.792000	1020.000000
0.791000	1018.000000
0.790000	1020.000000
0.789000	1018.000000
0.788000	1018.000000
0.787000	1020.000000
0.786000	1014.000000
0.785000	1018.000000
0.784000	1024.000000
0.783000	1022.000000
0.782000	1022.000000
0.781000	1018.000000
0.780000	1018.000000
0.779000	1024.000000
0.778000	1012.000000
0.777000	1016.000000
0.776000	1016.000000
0.775000	1020.000000
0.774000	1022.000000
0.773000	1018.000000
0.772000	1018.000000
0.771000	1018.000000
0.770000	1022.000000
0.769000	1010.000000
0.768000	1018.000000
0.767000	1022.000000
0.766000	1020.000000
0.765000	1020.000000
0.764000	1016.000000
0.763000	1016.000000
0.762000	1022.000000
0.761000	1018.000000
0.760000	1020.000000
0.759000	1024.000000
0.758000	1018.000000
0.757000	1020.000000
0.756000	1024.000000
0.755000	1016.000000
0.754000	1022.000000
0.753000	1022.000000
0.752000	1016.000000
0.751000	1008.000000
0.750000	1020.000000
0.749000	1014.000000
0.748000	1018.000000
0.747000	1020.000000
0.746000	1016.000000
0.745000	1022.000000
0.744000	1016.000000
0.743000	1020.000000
0.742000	1020.000000
0.741000	1018.000000
0.740000	1022.000000
0.739000	1018.000000
0.738000	1012.000000
0.737000	1018.000000
0.736000	1020.000000
0.735000	1012.000000
0.734000	1012.000000
0.733000	1008.000000
0.732000	1020.000000
0.731000	1012.000000
0.730000	1016.000000
0.729000	1018.000000
0.728000	1016.000000
0.727000	1022.000000
0.726000	1010.000000
0.725000	1016.000000
0.724000	1018.000000
0.723000	1010.000000
0.722000	1016.000000
0.721000	1018.000000
0.720000	1020.000000
0.719000	1016.000000
0.718000	1016.000000
0.717000	1014.000000
0.716000	1006.000000
0.715000	1022.000000
0.714000	1012.000000
0.713000	1014.000000
0.712000	1010.000000
0.711000	1020.000000
0.710000	1020.000000
0.709000	1016.000000
0.708000	1016.000000
0.707000	1014.000000
0.706000	1014.000000
0.705000	1008.000000
0.704000	1014.000000
0.703000	1008.000000
0.702000	1008.000000
0.701000	1014.000000
0.700000	1016.000000
0.699000	1014.000000
0.698000	1016.000000
0.697000	1018.000000
0.696000	1014.000000
0.695000	1020.000000
0.694000	1004.000000
0.693000	1018.000000
0.692000	1008.000000
0.691000	1008.000000
0.690000	1006.000000
0.689000	1016.000000
0.688000	1020.000000
0.687000	1018.000000
0.686000	1012.000000
0.685000	1024.000000
0.684000	1012.000000
0.683000	1008.000000
0.682000	1016.000000
0.681000	1016.000000
0.680000	1010.000000
0.679000	1002.000000
0.678000	1014.000000
0.677000	1004.000000
0.676000	1020.000000
0.675000	1014.000000
0.674000	1012.000000
0.673000	1018.000000
0.672000	1018.000000
0.671000	1012.000000
0.670000	1010.000000
0.669000	1010.000000
0.668000	1020.000000
0.667000	1006.000000
0.666000	1016.000000
0.665000	1002.000000
0.664000	1012.000000
0.663000	1006.000000
0.662000	996.000000
0.661000	992.000000
0.660000	1010.000000
0.659000	1012.000000
0.658000	1008.000000
0.657000	1000.000000
0.656000	1014.000000
0.655000	1008.000000
0.654000	1010.000000
0.653000	1020.000000
0.652000	1006.000000
0.651000	1020.000000
0.650000	990.000000
0.649000	1020.000000
0.648000	998.000000
0.647000	1010.000000
0.646000	1012.000000
0.645000	1000.000000
0.644000	1008.000000
0.643000	1010.000000
0.642000	1010.000000
0.641000	1004.000000
0.640000	1006.000000
0.639000	1004.000000
0.638000	1004.000000
0.637000	998.000000
0.636000	1016.000000
0.635000	1004.000000
0.634000	1010.000000
0.633000	1010.000000
0.632000	1000.000000
0.631000	1002.000000
0.630000	1008.000000
0.629000	994.000000
0.628000	1018.000000
0.627000	1002.000000
0.626000	1008.000000
0.625000	990.000000
0.624000	988.000000
0.623000	1006.000000
0.622000	992.000000
0.621000	1000.000000
0.620000	1010.000000
0.619000	1018.000000
0.618000	1004.000000
0.617000	996.000000
0.616000	1006.000000
0.615000	1012.000000
0.614000	1008.000000
0.613000	1002.000000
0.612000	994.000000
0.611000	1010.000000
0.610000	1004.000000
0.609000	1006.000000
0.608000	1008.000000
0.607000	984.000000
0.606000	1008.000000
0.605000	1000.000000
0.604000	998.000000
0.603000	1012.000000
0.602000	1014.000000
0.601000	1002.000000
0.600000	992.000000
0.599000	1004.000000
0.598000	1010.000000
0.597000	988.000000
0.596000	982.000000
0.595000	996.000000
0.594000	1008.000000
0.593000	1000.000000
0.592000	1010.000000
0.591000	980.000000
0.590000	1002.000000
0.589000	1000.000000
0.588000	990.000000
0.587000	998.000000
0.586000	990.000000
0.585000	1012.000000
0.584000	984.000000
0.583000	982.000000
0.582000	982.000000
0.581000	986.000000
0.580000	1012.000000
0.579000	972.000000
0.578000	974.000000
0.577000	994.000000
0.576000	992.000000
0.575000	952.000000
0.574000	996.000000
0.573000	988.000000
0.572000	992.000000
0.571000	1002.000000
0.570000	976.000000
0.569000	980.000000
0.568000	968.000000
0.567000	980.000000
0.566000	980.000000
0.565000	978.000000
0.564000	982.000000
0.563000	996.000000
0.562000	960.000000
0.561000	976.000000
0.560000	1004.000000
0.559000	976.000000
0.558000	988.000000
0.557000	982.000000
0.556000	976.000000
0.555000	990.000000
0.554000	964.000000
0.553000	976.000000
0.552000	976.000000
0.551000	956.000000
0.550000	994.000000
0.549000	978.000000
0.548000	992.000000
0.547000	986.000000
0.546000	996.000000
0.545000	970.000000
0.544000	974.000000
0.543000	982.000000
0.542000	980.000000
0.541000	968.000000
0.540000	984.000000
0.539000	980.000000
0.538000	986.000000
0.537000	978.000000
0.536000	966.000000
0.535000	932.000000
0.534000	972.000000
0.533000	942.000000
0.532000	944.000000
0.531000	966.000000
0.530000	938.000000
0.529000	954.000000
0.528000	980.000000
0.527000	974.000000
0.526000	960.000000
0.525000	958.000000
0.524000	920.000000
0.523000	930.000000
0.522000	916.000000
0.521000	930.000000
0.520000	920.000000
0.519000	930.000000
0.518000	968.000000
0.517000	960.000000
0.516000	952.000000
0.515000	942.000000
0.514000	928.000000
0.513000	932.000000
0.512000	946.000000
0.511000	978.000000
0.510000	968.000000
0.509000	944.000000
0.508000	962.000000
0.507000	942.000000
0.506000	976.000000
0.505000	972.000000
0.504000	966.000000
0.503000	952.000000
0.502000	970.000000
0.501000	974.000000
0.500000	908.000000
0.499000	934.000000
0.498000	924.000000
0.497000	956.000000
0.496000	918.000000
0.495000	904.000000
0.494000	928.000000
0.493000	852.000000
0.492000	898.000000
0.491000	956.000000
0.490000	956.000000
0.489000	932.000000
0.488000	932.000000
0.487000	874.000000
0.486000	942.000000
0.485000	922.000000
0.484000	910.000000
0.483000	806.000000
0.482000	910.000000
0.481000	870.000000
0.480000	924.000000
0.479000	934.000000
0.478000	880.000000
0.477000	936.000000
0.476000	932.000000
0.475000	910.000000
0.474000	898.000000
0.473000	930.000000
0.472000	888.000000
0.471000	900.000000
0.470000	876.000000
0.469000	878.000000
0.468000	794.000000
0.467000	884.000000
0.466000	930.000000
0.465000	880.000000
0.464000	894.000000
0.463000	772.000000
0.462000	894.000000
0.461000	862.000000
0.460000	698.000000
0.459000	912.000000
0.458000	924.000000
0.457000	830.000000
0.456000	792.000000
0.455000	856.000000
0.454000	740.000000
0.453000	842.000000
0.452000	870.000000
0.451000	682.000000
0.450000	806.000000
0.449000	922.000000
0.448000	-896.000000
0.447000	-748.000000
0.446000	634.000000
0.445000	820.000000
0.444000	-662.000000
0.443000	-748.000000
0.442000	-876.000000
0.441000	-764.000000
0.440000	-852.000000
0.439000	-708.000000
0.438000	-774.000000
0.437000	-660.000000
0.436000	-624.000000
0.435000	836.000000
0.434000	360.000000
0.433000	462.000000
0.432000	-596.000000
0.431000	208.000000
0.430000	740.000000
0.429000	-104.000000
0.428000	140.000000
0.427000	234.000000
0.426000	644.000000
0.425000	622.000000
0.424000	-498.000000
0.423000	172.000000
0.422000	-436.000000
0.421000	400.000000
0.420000	216.000000
0.419000	-426.000000
0.418000	624.000000
0.417000	-350.000000
0.416000	554.000000
0.415000	552.000000
0.414000	-342.000000
0.413000	-428.000000
0.412000	-528.000000
0.411000	190.000000
0.410000	-254.000000
0.409000	90.000000
0.408000	214.000000
0.407000	-26.000000
0.406000	250.000000
0.405000	-268.000000
0.404000	216.000000
0.403000	74.000000
0.402000	512.000000
0.401000	-46.000000
0.400000	-186.000000
0.399000	110.000000
0.398000	216.000000
0.397000	400.000000
0.396000	284.000000
0.395000	-162.000000
0.394000	362.000000
0.393000	-258.000000
0.392000	312.000000
0.391000	-246.000000
0.390000	244.000000
0.389000	296.000000
0.388000	-212.000000
0.387000	-194.000000
0.386000	162.000000
0.385000	200.000000
0.384000	32.000000
0.383000	212.000000
0.382000	44.000000
0.381000	-12.000000
0.380000	-172.000000
0.379000	-82.000000
0.378000	-72.000000
0.377000	-12.000000
0.376000	-92.000000
0.375000	106.000000
0.374000	152.000000
0.373000	76.000000
0.372000	138.000000
0.371000	78.000000
0.370000	74.000000
0.369000	-52.000000
0.368000	-72.000000
0.367000	-252.000000
0.366000	-8.000000
0.365000	-126.000000
0.364000	174.000000
0.363000	-292.000000
0.362000	-150.000000
0.361000	-122.000000
0.360000	-332.000000
0.359000	-242.000000
0.358000	56.000000
0.357000	82.000000
0.356000	54.000000
0.355000	-282.000000
0.354000	128.000000
0.353000	72.000000
0.352000	-264.000000
0.351000	-246.000000
0.350000	24.000000
0.349000	-24.000000
0.348000	148.000000
0.347000	-142.000000
0.346000	34.000000
0.345000	106.000000
0.344000	-156.000000
0.343000	-202.000000
0.342000	76.000000
0.341000	-150.000000
0.340000	-132.000000
0.339000	140.000000
0.338000	-152.000000
0.337000	4.000000
0.336000	62.000000
0.335000	52.000000
0.334000	62.000000
0.333000	26.000000
0.332000	-54.000000
0.331000	104.000000
0.330000	-38.000000
0.329000	12.000000
0.328000	36.000000
0.327000	-6.000000
0.326000	-110.000000
0.325000	-84.000000
0.324000	-100.000000
0.323000	2.000000
0.322000	26.000000
0.321000	-138.000000
0.320000	-50.000000
0.319000	-60.000000
0.318000	-12.000000
0.317000	10.000000
0.316000	-132.000000
0.315000	-158.000000
0.314000	-30.000000
0.313000	22.000000
0.312000	-4.000000
0.311000	80.000000
0.310000	-192.000000
0.309000	-32.000000
0.308000	-78.000000
0.307000	162.000000
0.306000	112.000000
0.305000	-48.000000
0.304000	6.000000
0.303000	-44.000000
0.302000	-154.000000
0.301000	-46.000000
0.300000	-74.000000
0.299000	244.000000
0.298000	92.000000
0.297000	148.000000
0.296000	-26.000000
0.295000	-134.000000
0.294000	-130.000000
0.293000	106.000000
0.292000	84.000000
0.291000	54.000000
0.290000	8.000000
0.289000	40.000000
0.288000	12.000000
0.287000	98.000000
0.286000	38.000000
0.285000	28.000000
0.284000	58.000000
0.283000	-162.000000
0.282000	72.000000
0.281000	226.000000
0.280000	-4.000000
0.279000	36.000000
0.278000	68.000000
0.277000	6.000000
0.276000	122.000000
0.275000	-4.000000
0.274000	-80.000000
0.273000	10.000000
0.272000	44.000000
0.271000	-10.000000
0.270000	60.000000
0.269000	6.000000
0.268000	-122.000000
0.267000	2.000000
0.266000	-38.000000
0.265000	6.000000
0.264000	-62.000000
0.263000	72.000000
0.262000	-32.000000
0.261000	26.000000
0.260000	60.000000
0.259000	48.000000
0.258000	6.000000
0.257000	-26.000000
0.256000	-32.000000
0.255000	10.000000
0.254000	124.000000
0.253000	-28.000000
0.252000	-28.000000
0.251000	66.000000
0.250000	-44.000000
0.249000	24.000000
0.248000	-94.000000
0.247000	60.000000
0.246000	-12.000000
0.245000	-80.000000
0.244000	32.000000
0.243000	132.000000
0.242000	54.000000
0.241000	42.000000
0.240000	-12.000000
0.239000	-18.000000
0.238000	22.000000
0.237000	12.000000
0.236000	-76.000000
0.235000	-34.000000
0.234000	-44.000000
0.233000	48.000000
0.232000	-42.000000
0.231000	-2.000000
0.230000	-24.000000
0.229000	-42.000000
0.228000	80.000000
0.227000	-128.000000
0.226000	-36.000000
0.225000	-28.000000
0.224000	-20.000000
0.223000	-28.000000
0.222000	-96.000000
0.221000	20.000000
0.220000	2.000000
0.219000	60.000000
0.218000	40.000000
0.217000	26.000000
0.216000	-42.000000
0.215000	-30.000000
0.214000	0.000000
0.213000	-20.000000
0.212000	26.000000
0.211000	-18.000000
0.210000	-56.000000
0.209000	74.000000
0.208000	10.000000
0.207000	-18.000000
0.206000	58.000000
0.205000	72.000000
0.204000	10.000000
0.203000	32.000000
0.202000	4.000000
0.201000	30.000000
0.200000	24.000000
0.199000	-58.000000
0.198000	2.000000
0.197000	16.000000
0.196000	-60.000000
0.195000	4.000000
0.194000	-44.000000
0.193000	10.000000
0.192000	8.000000
0.191000	36.000000
0.190000	-6.000000
0.189000	-46.000000
0.188000	70.000000
0.187000	86.000000
0.186000	64.000000
0.185000	42.000000
0.184000	98.000000
0.183000	16.000000
0.182000	-62.000000
0.181000	30.000000
0.180000	-42.000000
0.179000	92.000000
0.178000	36.000000
0.177000	8.000000
0.176000	-22.000000
0.175000	36.000000
0.174000	12.000000
0.173000	6.000000
0.172000	6.000000
0.171000	-86.000000
0.170000	44.000000
0.169000	-34.000000
0.168000	16.000000
0.167000	24.000000
0.166000	42.000000
0.165000	-4.000000
0.164000	36.000000
0.163000	22.000000
0.162000	-12.000000
0.161000	-8.000000
0.160000	-28.000000
0.159000	-6.000000
0.158000	84.000000
0.157000	6.000000
0.156000	32.000000
0.155000	-64.000000
0.154000	-62.000000
0.153000	-8.000000
0.152000	-72.000000
0.151000	2.000000
0.150000	-12.000000
0.149000	8.000000
0.148000	-34.000000
0.147000	12.000000
0.146000	0.000000
0.145000	38.000000
0.144000	4.000000
0.143000	2.000000
0.142000	40.000000
0.141000	-36.000000
0.140000	2.000000
0.139000	-10.000000
0.138000	8.000000
0.137000	36.000000
0.136000	14.000000
0.135000	4.000000
0.134000	-40.000000
0.133000	-24.000000
0.132000	-102.000000
0.131000	10.000000
0.130000	18.000000
0.129000	-8.000000
0.128000	-6.000000
0.127000	34.000000
0.126000	74.000000
0.125000	-12.000000
0.124000	-50.000000
0.123000	22.000000
0.122000	22.000000
0.121000	0.000000
0.120000	12.000000
0.119000	8.000000
0.118000	0.000000
0.117000	2.000000
0.116000	-32.000000
0.115000	-40.000000
0.114000	38.000000
0.113000	2.000000
0.112000	14.000000
0.111000	-82.000000
0.110000	-44.000000
0.109000	0.000000
0.108000	-42.000000
0.107000	-34.000000
0.106000	24.000000
0.105000	10.000000
0.104000	6.000000
0.103000	-42.000000
0.102000	-10.000000
0.101000	-46.000000
0.100000	32.000000
0.099000	10.000000
0.098000	16.000000
0.097000	-36.000000
0.096000	-2.000000
0.095000	-64.000000
0.094000	0.000000
0.093000	4.000000
0.092000	-74.000000
0.091000	-4.000000
0.090000	0.000000
0.089000	-46.000000
0.088000	-34.000000
0.087000	-38.000000
0.086000	8.000000
0.085000	60.000000
0.084000	30.000000
0.083000	-56.000000
0.082000	-54.000000
0.081000	-2.000000
0.080000	-2.000000
0.079000	-68.000000
0.078000	10.000000
0.077000	-32.000000
0.076000	-16.000000
0.075000	-2.000000
0.074000	-6.000000
0.073000	14.000000
0.072000	80.000000
0.071000	-48.000000
0.070000	-34.000000
0.069000	-22.000000
0.068000	24.000000
0.067000	6.000000
0.066000	12.000000
0.065000	26.000000
0.064000	-12.000000
0.063000	-18.000000
0.062000	-22.000000
0.061000	-22.000000
0.060000	14.000000
0.059000	-42.000000
0.058000	-4.000000
0.057000	36.000000
0.056000	44.000000
0.055000	-4.000000
0.054000	-16.000000
0.053000	28.000000
0.052000	-6.000000
0.051000	-12.000000
0.050000	34.000000
0.049000	-34.000000
0.048000	62.000000
0.047000	-14.000000
0.046000	34.000000
0.045000	36.000000
0.044000	64.000000
0.043000	24.000000
0.042000	36.000000
0.041000	56.000000
0.040000	6.000000
0.039000	2.000000
0.038000	34.000000
0.037000	8.000000
0.036000	-26.000000
0.035000	-2.000000
0.034000	14.000000
0.033000	-28.000000
0.032000	-42.000000
0.031000	-2.000000
0.030000	20.000000
0.029000	50.000000
0.028000	74.000000
0.027000	-42.000000
0.026000	8.000000
0.025000	20.000000
0.024000	32.000000
0.023000	-12.000000
0.022000	16.000000
0.021000	66.000000
0.020000	-22.000000
0.019000	10.000000
0.018000	42.000000
0.017000	66.000000
0.016000	0.000000
0.015000	60.000000
0.014000	-22.000000
0.013000	-24.000000
0.012000	46.000000
0.011000	14.000000
0.010000	30.000000
0.009000	-4.000000
0.008000	2.000000
0.007000	68.000000
0.006000	20.000000
0.005000	2.000000
0.004000	62.000000
0.003000	14.000000
0.002000	-6.000000
0.001000	30.000000
-0.000000	28.000000
-0.001000	-6.000000
-0.002000	-22.000000
-0.003000	38.000000
-0.004000	-2.000000
-0.005000	14.000000
-0.006000	-40.000000
-0.007000	8.000000
-0.008000	14.000000
-0.009000	12.000000
-0.010000	8.000000
-0.011000	-6.000000
-0.012000	66.000000
-0.013000	-18.000000
-0.014000	-68.000000
-0.015000	52.000000
-0.016000	-30.000000
-0.017000	6.000000
-0.018000	12.000000
-0.019000	-52.000000
-0.020000	10.000000
-0.021000	58.000000
-0.022000	-14.000000
-0.023000	52.000000
-0.024000	50.000000
-0.025000	-40.000000
-0.026000	22.000000
-0.027000	-22.000000
-0.028000	46.000000
-0.029000	0.000000
-0.030000	36.000000
-0.031000	-34.000000
-0.032000	2.000000
-0.033000	26.000000
-0.034000	-26.000000
-0.035000	-4.000000
-0.036000	44.000000
-0.037000	-2.000000
-0.038000	4.000000
-0.039000	8.000000
-0.040000	26.000000
-0.041000	-14.000000
-0.042000	14.000000
-0.043000	40.000000
-0.044000	10.000000
-0.045000	-40.000000
-0.046000	8.000000
-0.047000	-6.000000
-0.048000	-12.000000
-0.049000	-20.000000
-0.050000	34.000000
-0.051000	-10.000000
-0.052000	26.000000
-0.053000	24.000000
-0.054000	-30.000000
-0.055000	8.000000
-0.056000	-46.000000
-0.057000	-8.000000
-0.058000	-70.000000
-0.059000	4.000000
-0.060000	-24.000000
-0.061000	24.000000
-0.062000	-4.000000
-0.063000	22.000000
-0.064000	-14.000000
-0.065000	4.000000
-0.066000	14.000000
-0.067000	-40.000000
-0.068000	-12.000000
-0.069000	-32.000000
-0.070000	-6.000000
-0.071000	46.000000
-0.072000	26.000000
-0.073000	-2.000000
-0.074000	-14.000000
-0.075000	-12.000000
-0.076000	-6.000000
-0.077000	0.000000
-0.078000	-10.000000
-0.079000	12.000000
-0.080000	-20.000000
-0.081000	-4.000000
-0.082000	14.000000
-0.083000	-38.000000
-0.084000	-38.000000
-0.085000	-8.000000
-0.086000	-2.000000
-0.087000	-10.000000
-0.088000	14.000000
-0.089000	-12.000000
-0.090000	12.000000
-0.091000	-8.000000
-0.092000	-12.000000
-0.093000	-34.000000
-0.094000	6.000000
-0.095000	-4.000000
-0.096000	16.000000
-0.097000	44.000000
-0.098000	12.000000
-0.099000	0.000000
-0.100000	-2.000000
-0.101000	-16.000000
-0.102000	-18.000000
-0.103000	26.000000
-0.104000	-68.000000
-0.105000	-12.000000
-0.106000	10.000000
-0.107000	34.000000
-0.108000	0.000000
-0.109000	10.000000
-0.110000	8.000000
-0.111000	-22.000000
-0.112000	46.000000
-0.113000	-22.000000
-0.114000	22.000000
-0.115000	2.000000
-0.116000	16.000000
-0.117000	-16.000000
-0.118000	-14.000000
-0.119000	-18.000000
-0.120000	6.000000
-0.121000	20.000000
-0.122000	36.000000
-0.123000	-8.000000
-0.124000	-4.000000
-0.125000	22.000000
-0.126000	-24.000000
-0.127000	18.000000
-0.128000	-24.000000
-0.129000	-12.000000
-0.130000	-4.000000
-0.131000	36.000000
-0.132000	-8.000000
-0.133000	22.000000
-0.134000	16.000000
-0.135000	0.000000
-0.136000	20.000000
-0.137000	22.000000
-0.138000	-54.000000
-0.139000	6.000000
-0.140000	14.000000
-0.141000	-2.000000
-0.142000	-10.000000
-0.143000	-24.000000
-0.144000	-6.000000
-0.145000	-10.000000
-0.146000	-44.000000
-0.147000	-24.000000
-0.148000	-8.000000
-0.149000	-8.000000
-0.150000	18.000000
-0.151000	20.000000
-0.152000	32.000000
-0.153000	-62.000000
-0.154000	-16.000000
-0.155000	12.000000
-0.156000	-52.000000
-0.157000	4.000000
-0.158000	-28.000000
-0.159000	-18.000000
-0.160000	-2.000000
-0.161000	30.000000
-0.162000	-8.000000
-0.163000	50.000000
-0.164000	16.000000
-0.165000	20.000000
-0.166000	8.000000
-0.167000	24.000000
-0.168000	-2.000000
-0.169000	2.000000
-0.170000	-8.000000
-0.171000	18.000000
-0.172000	8.000000
-0.173000	-26.000000
-0.174000	2.000000
-0.175000	-2.000000
-0.176000	-16.000000
-0.177000	-26.000000
-0.178000	32.000000
-0.179000	42.000000
-0.180000	-6.000000
-0.181000	2.000000
-0.182000	-44.000000
-0.183000	-14.000000
-0.184000	-24.000000
-0.185000	-18.000000
-0.186000	-18.000000
-0.187000	20.000000
-0.188000	-2.000000
-0.189000	-6.000000
-0.190000	-30.000000
-0.191000	0.000000
-0.192000	-8.000000
-0.193000	16.000000
-0.194000	14.000000
-0.195000	-2.000000
-0.196000	28.000000
-0.197000	38.000000
-0.198000	-14.000000
-0.199000	16.000000
-0.200000	0.000000
-0.201000	10.000000
-0.202000	-6.000000
-0.203000	10.000000
-0.204000	0.000000
-0.205000	-10.000000
-0.206000	0.000000
-0.207000	6.000000
-0.208000	-14.000000
-0.209000	12.000000
-0.210000	6.000000
-0.211000	20.000000
-0.212000	16.000000
-0.213000	-2.000000
-0.214000	-26.000000
-0.215000	10.000000
-0.216000	10.000000
-0.217000	-6.000000
-0.218000	-32.000000
-0.219000	-12.000000
-0.220000	-4.000000
-0.221000	-40.000000
-0.222000	-2.000000
-0.223000	52.000000
-0.224000	-36.000000
-0.225000	-4.000000
-0.226000	-18.000000
-0.227000	32.000000
-0.228000	2.000000
-0.229000	44.000000
-0.230000	0.000000
-0.231000	-24.000000
-0.232000	6.000000
-0.233000	6.000000
-0.234000	16.000000
-0.235000	10.000000
-0.236000	8.000000
-0.237000	14.000000
-0.238000	4.000000
-0.239000	2.000000
-0.240000	2.000000
-0.241000	-34.000000
-0.242000	12.000000
-0.243000	-24.000000
-0.244000	34.000000
-0.245000	-4.000000
-0.246000	-2.000000
-0.247000	-38.000000
-0.248000	-4.000000
-0.249000	10.000000
-0.250000	34.000000
-0.251000	28.000000
-0.252000	4.000000
-0.253000	10.000000
-0.254000	-24.000000
-0.255000	14.000000
-0.256000	-48.000000
-0.257000	-26.000000
-0.258000	4.000000
-0.259000	-2.000000
-0.260000	-6.000000
-0.261000	8.000000
-0.262000	30.000000
-0.263000	32.000000
-0.264000	-30.000000
-0.265000	18.000000
-0.266000	-4.000000
-0.267000	14.000000
-0.268000	4.000000
-0.269000	-2.000000
-0.270000	12.000000
-0.271000	-22.000000
-0.272000	16.000000
-0.273000	-20.000000
-0.274000	-14.000000
-0.275000	10.000000
-0.276000	-6.000000
-0.277000	-6.000000
-0.278000	6.000000
-0.279000	-2.000000
-0.280000	4.000000
-0.281000	0.000000
-0.282000	28.000000
-0.283000	6.000000
-0.284000	6.000000
-0.285000	-8.000000
-0.286000	-4.000000
-0.287000	-14.000000
-0.288000	-26.000000
-0.289000	-4.000000
-0.290000	4.000000
-0.291000	-10.000000
-0.292000	22.000000
-0.293000	16.000000
-0.294000	10.000000
-0.295000	-2.000000
-0.296000	-8.000000
-0.297000	0.000000
-0.298000	-18.000000
-0.299000	4.000000
-0.300000	-6.000000
-0.301000	-18.000000
-0.302000	-12.000000
-0.303000	18.000000
-0.304000	8.000000
-0.305000	-2.000000
-0.306000	-4.000000
-0.307000	-26.000000
-0.308000	46.000000
-0.309000	6.000000
-0.310000	-30.000000
-0.311000	-18.000000
-0.312000	-2.000000
-0.313000	6.000000
-0.314000	-28.000000
-0.315000	0.000000
-0.316000	-4.000000
-0.317000	-4.000000
-0.318000	8.000000
-0.319000	40.000000
-0.320000	8.000000
-0.321000	-4.000000
-0.322000	8.000000
-0.323000	8.000000
-0.324000	20.000000
-0.325000	8.000000
-0.326000	-26.000000
-0.327000	16.000000
-0.328000	-8.000000
-0.329000	-20.000000
-0.330000	-14.000000
-0.331000	-24.000000
-0.332000	-4.000000
-0.333000	-14.000000
-0.334000	-6.000000
-0.335000	4.000000
-0.336000	46.000000
-0.337000	8.000000
-0.338000	14.000000
-0.339000	-8.000000
-0.340000	36.000000
-0.341000	10.000000
-0.342000	24.000000
-0.343000	-8.000000
-0.344000	14.000000
-0.345000	20.000000
-0.346000	6.000000
-0.347000	-6.000000
-0.348000	-28.000000
-0.349000	-62.000000
-0.350000	-18.000000
-0.351000	14.000000
-0.352000	2.000000
-0.353000	-24.000000
-0.354000	26.000000
-0.355000	-22.000000
-0.356000	-2.000000
-0.357000	-16.000000
-0.358000	-6.000000
-0.359000	34.000000
-0.360000	4.000000
-0.361000	-60.000000
-0.362000	4.000000
-0.363000	10.000000
-0.364000	38.000000
-0.365000	-20.000000
-0.366000	-16.000000
-0.367000	-6.000000
-0.368000	16.000000
-0.369000	16.000000
-0.370000	-24.000000
-0.371000	18.000000
-0.372000	4.000000
-0.373000	-20.000000
-0.374000	-10.000000
-0.375000	0.000000
-0.376000	-44.000000
-0.377000	-42.000000
-0.378000	-6.000000
-0.379000	20.000000
-0.380000	-18.000000
-0.381000	10.000000
-0.382000	-8.000000
-0.383000	-2.000000
-0.384000	4.000000
-0.385000	22.000000
-0.386000	12.000000
-0.387000	-8.000000
-0.388000	4.000000
-0.389000	-6.000000
-0.390000	28.000000
-0.391000	0.000000
-0.392000	-4.000000
-0.393000	-6.000000
-0.394000	10.000000
-0.395000	-2.000000
-0.396000	-10.000000
-0.397000	12.000000
-0.398000	-2.000000
-0.399000	-4.000000
-0.400000	-16.000000
-0.401000	10.000000
-0.402000	24.000000
-0.403000	2.000000
-0.404000	10.000000
-0.405000	-14.000000
-0.406000	-2.000000
-0.407000	6.000000
-0.408000	12.000000
-0.409000	-8.000000
-0.410000	2.000000
-0.411000	-6.000000
-0.412000	-8.000000
-0.413000	10.000000
-0.414000	-8.000000
-0.415000	8.000000
-0.416000	20.000000
-0.417000	-4.000000
-0.418000	-10.000000
-0.419000	-34.000000
-0.420000	-24.000000
-0.421000	-10.000000
-0.422000	-8.000000
-0.423000	2.000000
-0.424000	4.000000
-0.425000	-20.000000
-0.426000	0.000000
-0.427000	16.000000
-0.428000	-2.000000
-0.429000	4.000000
-0.430000	26.000000
-0.431000	44.000000
-0.432000	22.000000
-0.433000	10.000000
-0.434000	4.000000
-0.435000	-16.000000
-0.436000	8.000000
-0.437000	-6.000000
-0.438000	10.000000
-0.439000	6.000000
-0.440000	0.000000
-0.441000	-2.000000
-0.442000	12.000000
-0.443000	-10.000000
-0.444000	22.000000
-0.445000	4.000000
-0.446000	-6.000000
-0.447000	0.000000
-0.448000	-18.000000
-0.449000	-16.000000
-0.450000	10.000000
-0.451000	-8.000000
-0.452000	-18.000000
-0.453000	0.000000
-0.454000	4.000000
-0.455000	14.000000
-0.456000	-6.000000
-0.457000	-12.000000
-0.458000	2.000000
-0.459000	0.000000
-0.460000	10.000000
-0.461000	20.000000
-0.462000	0.000000
-0.463000	16.000000
-0.464000	-20.000000
-0.465000	-18.000000
-0.466000	-12.000000
-0.467000	22.000000
-0.468000	0.000000
-0.469000	-26.000000
-0.470000	4.000000
-0.471000	6.000000
-0.472000	6.000000
-0.473000	-20.000000
-0.474000	0.000000
-0.475000	4.000000
-0.476000	10.000000
-0.477000	12.000000
-0.478000	14.000000
-0.479000	18.000000
-0.480000	-8.000000
-0.481000	0.000000
-0.482000	-2.000000
-0.483000	10.000000
-0.484000	14.000000
-0.485000	12.000000
-0.486000	6.000000
-0.487000	6.000000
-0.488000	4.000000
-0.489000	2.000000
-0.490000	-12.000000
-0.491000	-4.000000
-0.492000	16.000000
-0.493000	-14.000000
-0.494000	-28.000000
-0.495000	4.000000
-0.496000	-12.000000
-0.497000	-2.000000
-0.498000	-12.000000
-0.499000	2.000000
-0.500000	4.000000
-0.501000	-4.000000
-0.502000	2.000000
-0.503000	4.000000
-0.504000	-2.000000
-0.505000	-4.000000
-0.506000	-2.000000
-0.507000	-2.000000
-0.508000	8.000000
-0.509000	-4.000000
-0.510000	-2.000000
-0.511000	-12.000000
-0.512000	6.000000
-0.513000	6.000000
-0.514000	6.000000
-0.515000	-6.000000
-0.516000	-2.000000
-0.517000	12.000000
-0.518000	2.000000
-0.519000	4.000000
-0.520000	6.000000
-0.521000	2.000000
-0.522000	-8.000000
-0.523000	14.000000
-0.524000	0.000000
-0.525000	2.000000
-0.526000	-6.000000
-0.527000	-2.000000
-0.528000	-4.000000
-0.529000	-8.000000
-0.530000	4.000000
-0.531000	2.000000
-0.532000	-12.000000
-0.533000	-2.000000
-0.534000	-2.000000
-0.535000	0.000000
-0.536000	14.000000
-0.537000	8.000000
-0.538000	0.000000
-0.539000	2.000000
-0.540000	10.000000
-0.541000	-8.000000
-0.542000	-12.000000
-0.543000	2.000000
-0.544000	-10.000000
-0.545000	-4.000000
-0.546000	4.000000
-0.547000	2.000000
-0.548000	2.000000
-0.549000	-4.000000
-0.550000	-6.000000
-0.551000	4.000000
-0.552000	8.000000
-0.553000	-14.000000
-0.554000	0.000000
-0.555000	8.000000
-0.556000	-6.000000
-0.557000	12.000000
-0.558000	-6.000000
-0.559000	6.000000
-0.560000	10.000000
-0.561000	-10.000000
-0.562000	10.000000
-0.563000	6.000000
-0.564000	6.000000
-0.565000	-2.000000
-0.566000	4.000000
-0.567000	-6.000000
-0.568000	0.000000
-0.569000	0.000000
-0.570000	4.000000
-0.571000	4.000000
-0.572000	2.000000
-0.573000	2.000000
-0.574000	-2.000000
-0.575000	6.000000
-0.576000	4.000000
-0.577000	-8.000000
-0.578000	6.000000
-0.579000	4.000000
-0.580000	12.000000
-0.581000	6.000000
-0.582000	-4.000000
-0.583000	0.000000
-0.584000	2.000000
-0.585000	-8.000000
-0.586000	-2.000000
-0.587000	6.000000
-0.588000	8.000000
-0.589000	6.000000
-0.590000	2.000000
-0.591000	-2.000000
-0.592000	4.000000
-0.593000	-4.000000
-0.594000	10.000000
-0.595000	4.000000
-0.596000	0.000000
-0.597000	8.000000
-0.598000	-12.000000
-0.599000	2.000000
-0.600000	6.000000
-0.601000	2.000000
-0.602000	-2.000000
-0.603000	10.000000
-0.604000	14.000000
-0.605000	-4.000000
-0.606000	-2.000000
-0.607000	2.000000
-0.608000	-8.000000
-0.609000	0.000000
-0.610000	6.000000
-0.611000	-8.000000
-0.612000	4.000000
-0.613000	-4.000000
-0.614000	2.000000
-0.615000	6.000000
-0.616000	-4.000000
-0.617000	2.000000
-0.618000	2.000000
-0.619000	-2.000000
-0.620000	-8.000000
-0.621000	-4.000000
-0.622000	6.000000
-0.623000	0.000000
-0.624000	-6.000000
-0.625000	6.000000
-0.626000	4.000000
-0.627000	2.000000
-0.628000	2.000000
-0.629000	8.000000
-0.630000	0.000000
-0.631000	0.000000
-0.632000	2.000000
-0.633000	-4.000000
-0.634000	-10.000000
-0.635000	-4.000000
-0.636000	0.000000
-0.637000	10.000000
-0.638000	0.000000
-0.639000	2.000000
-0.640000	-2.000000
-0.641000	-4.000000
-0.642000	6.000000
-0.643000	-4.000000
-0.644000	-2.000000
-0.645000	8.000000
-0.646000	10.000000
-0.647000	-8.000000
-0.648000	4.000000
-0.649000	-2.000000
-0.650000	0.000000
-0.651000	-2.000000
-0.652000	10.000000
-0.653000	0.000000
-0.654000	6.000000
-0.655000	-4.000000
-0.656000	0.000000
-0.657000	2.000000
-0.658000	-2.000000
-0.659000	-2.000000
-0.660000	6.000000
-0.661000	-8.000000
-0.662000	-4.000000
-0.663000	2.000000
-0.664000	6.000000
-0.665000	2.000000
-0.666000	6.000000
-0.667000	-8.000000
-0.668000	-2.000000
-0.669000	-2.000000
-0.670000	2.000000
-0.671000	6.000000
-0.672000	18.000000
-0.673000	0.000000
-0.674000	-2.000000
-0.675000	0.000000
-0.676000	-6.000000
-0.677000	-4.000000
-0.678000	4.000000
-0.679000	4.000000
-0.680000	0.000000
-0.681000	2.000000
-0.682000	10.000000
-0.683000	-2.000000
-0.684000	4.000000
-0.685000	4.000000
-0.686000	0.000000
-0.687000	4.000000
-0.688000	-4.000000
-0.689000	2.000000
-0.690000	0.000000
-0.691000	-6.000000
-0.692000	-2.000000
-0.693000	4.000000
-0.694000	0.000000
-0.695000	0.000000
-0.696000	6.000000
-0.697000	10.000000
-0.698000	0.000000
-0.699000	2.000000
-0.700000	4.000000
-0.701000	-10.000000
-0.702000	-10.000000
-0.703000	0.000000
-0.704000	0.000000
-0.705000	6.000000
-0.706000	0.000000
-0.707000	6.000000
-0.708000	2.000000
-0.709000	0.000000
-0.710000	6.000000
-0.711000	4.000000
-0.712000	-4.000000
-0.713000	2.000000
-0.714000	4.000000
-0.715000	4.000000
-0.716000	-2.000000
-0.717000	4.000000
-0.718000	2.000000
-0.719000	-4.000000
-0.720000	-2.000000
-0.721000	0.000000
-0.722000	4.000000
-0.723000	2.000000
-0.724000	-4.000000
-0.725000	0.000000
-0.726000	-4.000000
-0.727000	4.000000
-0.728000	-6.000000
-0.729000	2.000000
-0.730000	-2.000000
-0.731000	4.000000
-0.732000	0.000000
-0.733000	-4.000000
-0.734000	-4.000000
-0.735000	2.000000
-0.736000	-2.000000
-0.737000	0.000000
-0.738000	2.000000
-0.739000	4.000000
-0.740000	0.000000
-0.741000	-6.000000
-0.742000	-2.000000
-0.743000	2.000000
-0.744000	4.000000
-0.745000	0.000000
-0.746000	0.000000
-0.747000	-4.000000
-0.748000	-4.000000
-0.749000	0.000000
-0.750000	4.000000
-0.751000	-4.000000
-0.752000	-2.000000
-0.753000	-4.000000
-0.754000	2.000000
-0.755000	2.000000
-0.756000	0.000000
-0.757000	0.000000
-0.758000	0.000000
-0.759000	0.000000
-0.760000	-2.000000
-0.761000	-2.000000
-0.762000	-2.000000
-0.763000	-4.000000
-0.764000	-2.000000
-0.765000	-2.000000
-0.766000	2.000000
-0.767000	6.000000
-0.768000	4.000000
-0.769000	0.000000
-0.770000	0.000000
-0.771000	-4.000000
-0.772000	8.000000
-0.773000	6.000000
-0.774000	-2.000000
-0.775000	-4.000000
-0.776000	4.000000
-0.777000	0.000000
-0.778000	-2.000000
-0.779000	0.000000
-0.780000	0.000000
-0.781000	-2.000000
-0.782000	0.000000
-0.783000	-2.000000
-0.784000	4.000000
-0.785000	-2.000000
-0.786000	4.000000
-0.787000	-2.000000
-0.788000	-2.000000
-0.789000	4.000000
-0.790000	2.000000
-0.791000	2.000000
-0.792000	4.000000
-0.793000	2.000000
-0.794000	0.000000
-0.795000	0.000000
-0.796000	0.000000
-0.797000	2.000000
-0.798000	2.000000
-0.799000	2.000000
-0.800000	0.000000
-0.801000	-2.000000
-0.802000	0.000000
-0.803000	0.000000
-0.804000	0.000000
-0.805000	-2.000000
-0.806000	4.000000
-0.807000	-2.000000
-0.808000	0.000000
-0.809000	2.000000
-0.810000	2.000000
-0.811000	0.000000
-0.812000	2.000000
-0.813000	0.000000
-0.814000	0.000000
-0.815000	2.000000
-0.816000	0.000000
-0.817000	0.000000
-0.818000	2.000000
-0.819000	-6.000000
-0.820000	2.000000
-0.821000	0.000000
-0.822000	0.000000
-0.823000	-2.000000
-0.824000	0.000000
-0.825000	0.000000
-0.826000	0.000000
-0.827000	-4.000000
-0.828000	0.000000
-0.829000	0.000000
-0.830000	2.000000
-0.831000	0.000000
-0.832000	2.000000
-0.833000	-2.000000
-0.834000	2.000000
-0.835000	0.000000
-0.836000	-4.000000
-0.837000	-4.000000
-0.838000	0.000000
-0.839000	0.000000
-0.840000	0.000000
-0.841000	-2.000000
-0.842000	-4.000000
-0.843000	0.000000
-0.844000	0.000000
-0.845000	2.000000
-0.846000	0.000000
-0.847000	2.000000
-0.848000	0.000000
-0.849000	0.000000
-0.850000	2.000000
-0.851000	-2.000000
-0.852000	0.000000
-0.853000	-2.000000
-0.854000	2.000000
-0.855000	0.000000
-0.856000	0.000000
-0.857000	-4.000000
-0.858000	-4.000000
-0.859000	2.000000
-0.860000	0.000000
-0.861000	0.000000
-0.862000	2.000000
-0.863000	2.000000
-0.864000	-2.000000
-0.865000	2.000000
-0.866000	0.000000
-0.867000	2.000000
-0.868000	-2.000000
-0.869000	0.000000
-0.870000	-2.000000
-0.871000	-2.000000
-0.872000	2.000000
-0.873000	0.000000
-0.874000	-4.000000
-0.875000	0.000000
-0.876000	2.000000
-0.877000	-2.000000
-0.878000	-2.000000
-0.879000	0.000000
-0.880000	2.000000
-0.881000	2.000000
-0.882000	0.000000
-0.883000	2.000000
-0.884000	2.000000
-0.885000	-4.000000
-0.886000	2.000000
-0.887000	-2.000000
-0.888000	2.000000
-0.889000	-4.000000
-0.890000	0.000000
-0.891000	2.000000
-0.892000	-4.000000
-0.893000	0.000000
-0.894000	0.000000
-0.895000	0.000000
-0.896000	2.000000
-0.897000	-2.000000
-0.898000	-2.000000
-0.899000	0.000000
-0.900000	2.000000
-0.901000	0.000000
-0.902000	0.000000
-0.903000	0.000000
-0.904000	2.000000
-0.905000	0.000000
-0.906000	0.000000
-0.907000	-2.000000
-0.908000	2.000000
-0.909000	0.000000
-0.910000	0.000000
-0.911000	0.000000
-0.912000	0.000000
-0.913000	-2.000000
-0.914000	4.000000
-0.915000	4.000000
-0.916000	4.000000
-0.917000	0.000000
-0.918000	0.000000
-0.919000	2.000000
-0.920000	0.000000
-0.921000	0.000000
-0.922000	0.000000
-0.923000	2.000000
-0.924000	-2.000000
-0.925000	0.000000
-0.926000	4.000000
-0.927000	0.000000
-0.928000	-2.000000
-0.929000	-2.000000
-0.930000	2.000000
-0.931000	0.000000
-0.932000	2.000000
-0.933000	2.000000
-0.934000	-2.000000
-0.935000	0.000000
-0.936000	0.000000
-0.937000	-2.000000
-0.938000	2.000000
-0.939000	2.000000
-0.940000	-4.000000
-0.941000	2.000000
-0.942000	2.000000
-0.943000	-2.000000
-0.944000	0.000000
-0.945000	0.000000
-0.946000	0.000000
-0.947000	0.000000
-0.948000	0.000000
-0.949000	0.000000
-0.950000	2.000000
-0.951000	0.000000
-0.952000	0.000000
-0.953000	2.000000
-0.954000	2.000000
-0.955000	2.000000
-0.956000	4.000000
-0.957000	-4.000000
-0.958000	0.000000
-0.959000	2.000000
-0.960000	0.000000
-0.961000	0.000000
-0.962000	0.000000
-0.963000	0.000000
-0.964000	2.000000
-0.965000	2.000000
-0.966000	2.000000
-0.967000	0.000000
-0.968000	0.000000
-0.969000	0.000000
-0.970000	0.000000
-0.971000	0.000000
-0.972000	-2.000000
-0.973000	0.000000
-0.974000	2.000000
-0.975000	2.000000
-0.976000	0.000000
-0.977000	0.000000
-0.978000	2.000000
-0.979000	0.000000
-0.980000	0.000000
-0.981000	0.000000
-0.982000	2.000000
-0.983000	2.000000
-0.984000	0.000000
-0.985000	-2.000000
-0.986000	2.000000
-0.987000	2.000000
-0.988000	0.000000
-0.989000	0.000000
-0.990000	2.000000
-0.991000	0.000000
-0.992000	0.000000
-0.993000	2.000000
-0.994000	0.000000
-0.995000	0.000000
-0.996000	0.000000
-0.997000	0.000000
-0.998000	0.000000
-0.999000	0.000000
-1.000000	-2.000000
-1.001000	0.000000
-1.002000	0.000000
-1.003000	0.000000
-1.004000	0.000000
-1.005000	0.000000
-1.006000	-2.000000
-1.007000	0.000000
-1.008000	0.000000
-1.009000	0.000000
-1.010000	0.000000
-1.011000	2.000000
-1.012000	0.000000
-1.013000	0.000000
-1.014000	0.000000
-1.015000	0.000000
-1.016000	0.000000
-1.017000	0.000000
-1.018000	0.000000
-1.019000	0.000000
-1.020000	-2.000000
-1.021000	-2.000000
-1.022000	0.000000
-1.023000	0.000000
-1.024000	0.000000
-1.025000	-2.000000
-1.026000	2.000000
-1.027000	0.000000
-1.028000	-2.000000
-1.029000	0.000000
-1.030000	0.000000
-1.031000	0.000000
-1.032000	0.000000
-1.033000	0.000000
-1.034000	0.000000
-1.035000	0.000000
-1.036000	0.000000
-1.037000	0.000000
-1.038000	0.000000
-1.039000	-2.000000
-1.040000	4.000000
-1.041000	0.000000
-1.042000	2.000000
-1.043000	2.000000
-1.044000	0.000000
-1.045000	2.000000
-1.046000	0.000000
-1.047000	0.000000
-1.048000	0.000000
-1.049000	2.000000
-1.050000	0.000000
-1.051000	2.000000
-1.052000	0.000000
-1.053000	0.000000
-1.054000	2.000000
-1.055000	0.000000
-1.056000	0.000000
-1.057000	0.000000
-1.058000	-2.000000
-1.059000	0.000000
-1.060000	0.000000
-1.061000	0.000000
-1.062000	0.000000
-1.063000	0.000000
-1.064000	0.000000
-1.065000	-2.000000
-1.066000	0.000000
-1.067000	0.000000
-1.068000	-2.000000
-1.069000	0.000000
-1.070000	0.000000
-1.071000	0.000000
-1.072000	0.000000
-1.073000	0.000000
-1.074000	0.000000
-1.075000	-2.000000
-1.076000	0.000000
-1.077000	0.000000
-1.078000	0.000000
-1.079000	0.000000
-1.080000	0.000000
-1.081000	0.000000
-1.082000	0.000000
-1.083000	0.000000
-1.084000	2.000000
-1.085000	0.000000
-1.086000	0.000000
-1.087000	0.000000
-1.088000	-2.000000
-1.089000	0.000000
-1.090000	2.000000
-1.091000	0.000000
-1.092000	0.000000
-1.093000	0.000000
-1.094000	0.000000
-1.095000	0.000000
-1.096000	0.000000
-1.097000	0.000000
-1.098000	0.000000
-1.099000	0.000000
-1.100000	0.000000
-1.101000	0.000000
-1.102000	0.000000
-1.103000	0.000000
-1.104000	0.000000
-1.105000	0.000000
-1.106000	0.000000
-1.107000	0.000000
-1.108000	0.000000
-1.109000	-8.000000
-1.110000	0.000000
-1.111000	0.000000
-1.112000	2.000000
-1.113000	0.000000
-1.114000	-2.000000
-1.115000	0.000000
-1.116000	0.000000
-1.117000	0.000000
-1.118000	0.000000
-1.119000	0.000000
-1.120000	2.000000
-1.121000	0.000000
-1.122000	0.000000
-1.123000	0.000000
-1.124000	-2.000000
-1.125000	0.000000
-1.126000	0.000000
-1.127000	0.000000
-1.128000	0.000000
-1.129000	0.000000
-1.130000	-2.000000
-1.131000	0.000000
-1.132000	0.000000
-1.133000	0.000000
-1.134000	0.000000
-1.135000	0.000000
-1.136000	0.000000
-1.137000	0.000000
-1.138000	0.000000
-1.139000	0.000000
-1.140000	0.000000
-1.141000	-2.000000
-1.142000	0.000000
-1.143000	0.000000
-1.144000	0.000000
-1.145000	0.000000
-1.146000	0.000000
-1.147000	0.000000
-1.148000	0.000000
-1.149000	0.000000
-1.150000	0.000000
-1.151000	-2.000000
-1.152000	0.000000
-1.153000	0.000000
-1.154000	2.000000
-1.155000	0.000000
-1.156000	0.000000
-1.157000	0.000000
-1.158000	0.000000
-1.159000	0.000000
-1.160000	0.000000
-1.161000	0.000000
-1.162000	0.000000
-1.163000	0.000000
-1.164000	0.000000
-1.165000	0.000000
-1.166000	0.000000
-1.167000	2.000000
-1.168000	0.000000
-1.169000	0.000000
-1.170000	0.000000
-1.171000	0.000000
-1.172000	0.000000
-1.173000	0.000000
-1.174000	-2.000000
-1.175000	0.000000
-1.176000	0.000000
-1.177000	0.000000
-1.178000	0.000000
-1.179000	0.000000
-1.180000	0.000000
-1.181000	0.000000
-1.182000	0.000000
-1.183000	0.000000
-1.184000	0.000000
-1.185000	0.000000
-1.186000	0.000000
-1.187000	0.000000
-1.188000	0.000000
-1.189000	0.000000
-1.190000	0.000000
-1.191000	0.000000
-1.192000	0.000000
-1.193000	0.000000
-1.194000	0.000000
-1.195000	0.000000
-1.196000	0.000000
-1.197000	0.000000
-1.198000	0.000000
-1.199000	0.000000
-1.200000	0.000000
-1.201000	0.000000
-1.202000	0.000000
-1.203000	-2.000000
-1.204000	0.000000
-1.205000	0.000000
-1.206000	0.000000
-1.207000	0.000000
-1.208000	0.000000
-1.209000	0.000000
-1.210000	0.000000
-1.211000	0.000000
-1.212000	0.000000
-1.213000	0.000000
-1.214000	0.000000
-1.215000	0.000000
-1.216000	0.000000
-1.217000	0.000000
-1.218000	2.000000
-1.219000	0.000000
-1.220000	0.000000
-1.221000	0.000000
-1.222000	0.000000
-1.223000	0.000000
-1.224000	0.000000
-1.225000	0.000000
-1.226000	0.000000
-1.227000	0.000000
-1.228000	0.000000
-1.229000	0.000000
-1.230000	0.000000
-1.231000	0.000000
-1.232000	0.000000
-1.233000	0.000000
-1.234000	0.000000
-1.235000	0.000000
-1.236000	0.000000
-1.237000	0.000000
-1.238000	0.000000
-1.239000	0.000000
-1.240000	0.000000
-1.241000	0.000000
-1.242000	0.000000
-1.243000	0.000000
-1.244000	0.000000
-1.245000	0.000000
-1.246000	2.000000
-1.247000	0.000000
-1.248000	0.000000
-1.249000	0.000000
-1.250000	0.000000
-1.251000	0.000000
-1.252000	0.000000
-1.253000	0.000000
-1.254000	0.000000
-1.255000	0.000000
-1.256000	0.000000
-1.257000	0.000000
-1.258000	0.000000
-1.259000	0.000000
-1.260000	0.000000
-1.261000	0.000000
-1.262000	0.000000
-1.263000	0.000000
-1.264000	0.000000
-1.265000	0.000000
-1.266000	0.000000
-1.267000	0.000000
-1.268000	0.000000
-1.269000	0.000000
-1.270000	0.000000
-1.271000	0.000000
-1.272000	0.000000
-1.273000	0.000000
-1.274000	0.000000
-1.275000	0.000000
-1.276000	0.000000
-1.277000	0.000000
-1.278000	0.000000
-1.279000	0.000000
-1.280000	0.000000
-1.281000	0.000000
-1.282000	2.000000
-1.283000	0.000000
-1.284000	0.000000
-1.285000	0.000000
-1.286000	0.000000
-1.287000	0.000000
-1.288000	0.000000
-1.289000	-2.000000
-1.290000	0.000000
-1.291000	0.000000
-1.292000	2.000000
-1.293000	0.000000
-1.294000	0.000000
-1.295000	0.000000
-1.296000	0.000000
-1.297000	0.000000
-1.298000	0.000000
-1.299000	0.000000
-1.300000	0.000000
-1.301000	0.000000
-1.302000	0.000000
-1.303000	0.000000
-1.304000	0.000000
-1.305000	0.000000
-1.306000	0.000000
-1.307000	0.000000
-1.308000	0.000000
-1.309000	0.000000
-1.310000	0.000000
-1.311000	0.000000
-1.312000	0.000000
-1.313000	0.000000
-1.314000	0.000000
-1.315000	0.000000
-1.316000	0.000000
-1.317000	0.000000
-1.318000	0.000000
-1.319000	0.000000
-1.320000	0.000000
-1.321000	0.000000
-1.322000	0.000000
-1.323000	0.000000
-1.324000	0.000000
-1.325000	0.000000
-1.326000	0.000000
-1.327000	0.000000
-1.328000	0.000000
-1.329000	0.000000
-1.330000	0.000000
-1.331000	0.000000
-1.332000	0.000000
-1.333000	0.000000
-1.334000	0.000000
-1.335000	0.000000
-1.336000	0.000000
-1.337000	0.000000
-1.338000	0.000000
-1.339000	0.000000
-1.340000	0.000000
-1.341000	0.000000
-1.342000	0.000000
-1.343000	0.000000
-1.344000	0.000000
-1.345000	0.000000
-1.346000	0.000000
-1.347000	2.000000
-1.348000	0.000000
-1.349000	0.000000
-1.350000	0.000000
-1.351000	0.000000
-1.352000	0.000000
-1.353000	0.000000
-1.354000	0.000000
-1.355000	0.000000
-1.356000	0.000000
-1.357000	0.000000
-1.358000	0.000000
-1.359000	0.000000
-1.360000	0.000000
-1.361000	0.000000
-1.362000	0.000000
-1.363000	0.000000
-1.364000	0.000000
-1.365000	0.000000
-1.366000	0.000000
-1.367000	0.000000
-1.368000	0.000000
-1.369000	0.000000
-1.370000	0.000000
-1.371000	0.000000
-1.372000	0.000000
-1.373000	0.000000
-1.374000	0.000000
-1.375000	0.000000
-1.376000	0.000000
-1.377000	0.000000
-1.378000	0.000000
-1.379000	0.000000
-1.380000	0.000000
-1.381000	0.000000
-1.382000	0.000000
-1.383000	0.000000
-1.384000	0.000000
-1.385000	0.000000
-1.386000	2.000000
-1.387000	0.000000
-1.388000	2.000000
-1.389000	0.000000
-1.390000	0.000000
-1.391000	0.000000
-1.392000	0.000000
-1.393000	0.000000
-1.394000	0.000000
-1.395000	0.000000
-1.396000	0.000000
-1.397000	0.000000
-1.398000	0.000000
-1.399000	0.000000
-1.400000	0.000000
-1.401000	0.000000
-1.402000	0.000000
-1.403000	0.000000
-1.404000	0.000000
-1.405000	0.000000
-1.406000	0.000000
-1.407000	0.000000
-1.408000	0.000000
-1.409000	0.000000
-1.410000	0.000000
-1.411000	0.000000
-1.412000	0.000000
-1.413000	0.000000
-1.414000	0.000000
-1.415000	0.000000
-1.416000	0.000000
-1.417000	0.000000
-1.418000	0.000000
-1.419000	0.000000
-1.420000	2.000000
-1.421000	0.000000
-1.422000	0.000000
-1.423000	0.000000
-1.424000	0.000000
-1.425000	0.000000
-1.426000	0.000000
-1.427000	2.000000
-1.428000	0.000000
-1.429000	0.000000
-1.430000	0.000000
-1.431000	0.000000
-1.432000	0.000000
-1.433000	0.000000
-1.434000	0.000000
-1.435000	0.000000
-1.436000	0.000000
-1.437000	0.000000
-1.438000	0.000000
-1.439000	0.000000
-1.440000	0.000000
-1.441000	0.000000
-1.442000	0.000000
-1.443000	0.000000
-1.444000	0.000000
-1.445000	0.000000
-1.446000	0.000000
-1.447000	0.000000
-1.448000	0.000000
-1.449000	0.000000
-1.450000	0.000000
-1.451000	0.000000
-1.452000	0.000000
-1.453000	0.000000
-1.454000	0.000000
-1.455000	0.000000
-1.456000	0.000000
-1.457000	0.000000
-1.458000	0.000000
-1.459000	0.000000
-1.460000	0.000000
-1.461000	0.000000
-1.462000	0.000000
-1.463000	0.000000
-1.464000	0.000000
-1.465000	0.000000
-1.466000	0.000000
-1.467000	0.000000
-1.468000	0.000000
-1.469000	0.000000
-1.470000	0.000000
-1.471000	0.000000
-1.472000	0.000000
-1.473000	0.000000
-1.474000	0.000000
-1.475000	0.000000
-1.476000	0.000000
-1.477000	0.000000
-1.478000	0.000000
-1.479000	0.000000
-1.480000	0.000000
-1.481000	0.000000
-1.482000	0.000000
-1.483000	0.000000
-1.484000	0.000000
-1.485000	0.000000
-1.486000	0.000000
-1.487000	0.000000
-1.488000	0.000000
-1.489000	0.000000
-1.490000	0.000000
-1.491000	0.000000
-1.492000	0.000000
-1.493000	0.000000
-1.494000	0.000000
-1.495000	0.000000
-1.496000	0.000000
-1.497000	0.000000
-1.498000	0.000000
-1.499000	0.000000
-1.500000	0.000000
-1.501000	0.000000
-1.502000	0.000000
-1.503000	0.000000
-1.504000	0.000000
-1.505000	0.000000
-1.506000	0.000000
-1.507000	0.000000
-1.508000	0.000000
-1.509000	0.000000
-1.510000	0.000000
-1.511000	0.000000
-1.512000	0.000000
-1.513000	0.000000
-1.514000	0.000000
-1.515000	0.000000
-1.516000	2.000000
-1.517000	0.000000
-1.518000	0.000000
-1.519000	0.000000
-1.520000	0.000000
-1.521000	0.000000
-1.522000	0.000000
-1.523000	0.000000
-1.524000	0.000000
-1.525000	0.000000
-1.526000	0.000000
-1.527000	0.000000
-1.528000	0.000000
-1.529000	0.000000
-1.530000	0.000000
-1.531000	0.000000
-1.532000	0.000000
-1.533000	0.000000
-1.534000	0.000000
-1.535000	0.000000
-1.536000	0.000000
-1.537000	0.000000
-1.538000	-2.000000
-1.539000	0.000000
-1.540000	-2.000000
-1.541000	0.000000
-1.542000	0.000000
-1.543000	0.000000
-1.544000	0.000000
-1.545000	0.000000
-1.546000	0.000000
-1.547000	0.000000
-1.548000	0.000000
-1.549000	0.000000
-1.550000	0.000000
-1.551000	0.000000
-1.552000	0.000000
-1.553000	0.000000
-1.554000	0.000000
-1.555000	0.000000
-1.556000	0.000000
-1.557000	0.000000
-1.558000	-2.000000
-1.559000	0.000000
-1.560000	0.000000
-1.561000	0.000000
-1.562000	0.000000
-1.563000	0.000000
-1.564000	0.000000
-1.565000	0.000000
-1.566000	0.000000
-1.567000	0.000000
-1.568000	0.000000
-1.569000	0.000000
-1.570000	0.000000
-1.571000	0.000000
-1.572000	0.000000
-1.573000	2.000000
-1.574000	0.000000
-1.575000	0.000000
-1.576000	0.000000
-1.577000	0.000000
-1.578000	0.000000
-1.579000	0.000000
-1.580000	0.000000
-1.581000	0.000000
-1.582000	0.000000
-1.583000	0.000000
-1.584000	0.000000
-1.585000	0.000000
-1.586000	0.000000
-1.587000	0.000000
-1.588000	0.000000
-1.589000	0.000000
-1.590000	0.000000
-1.591000	0.000000
-1.592000	0.000000
-1.593000	0.000000
-1.594000	0.000000
-1.595000	0.000000
-1.596000	0.000000
-1.597000	0.000000
-1.598000	0.000000
-1.599000	0.000000
-1.600000	0.000000
-1.601000	0.000000
-1.602000	-2.000000
-1.603000	0.000000
-1.604000	0.000000
-1.605000	0.000000
-1.606000	0.000000
-1.607000	0.000000
-1.608000	0.000000
-1.609000	0.000000
-1.610000	0.000000
-1.611000	0.000000
-1.612000	0.000000
-1.613000	0.000000
-1.614000	0.000000
-1.615000	0.000000
-1.616000	0.000000
-1.617000	0.000000
-1.618000	0.000000
-1.619000	0.000000
-1.620000	0.000000
-1.621000	0.000000
-1.622000	0.000000
-1.623000	0.000000
-1.624000	0.000000
-1.625000	0.000000
-1.626000	0.000000
-1.627000	0.000000
-1.628000	0.000000
-1.629000	0.000000
-1.630000	0.000000
-1.631000	0.000000
-1.632000	0.000000
-1.633000	0.000000
-1.634000	0.000000
-1.635000	0.000000
-1.636000	0.000000
-1.637000	0.000000
-1.638000	0.000000
-1.639000	0.000000
-1.640000	0.000000
-1.641000	0.000000
-1.642000	0.000000
-1.643000	0.000000
-1.644000	0.000000
-1.645000	0.000000
-1.646000	0.000000
-1.647000	0.000000
-1.648000	0.000000
-1.649000	0.000000
-1.650000	0.000000
-1.651000	0.000000
-1.652000	0.000000
-1.653000	2.000000
-1.654000	0.000000
-1.655000	0.000000
-1.656000	0.000000
-1.657000	0.000000
-1.658000	0.000000
-1.659000	0.000000
-1.660000	0.000000
-1.661000	0.000000
-1.662000	0.000000
-1.663000	0.000000
-1.664000	0.000000
-1.665000	0.000000
-1.666000	0.000000
-1.667000	0.000000
-1.668000	0.000000
-1.669000	0.000000
-1.670000	0.000000
-1.671000	0.000000
-1.672000	0.000000
-1.673000	0.000000
-1.674000	0.000000
-1.675000	0.000000
-1.676000	0.000000
-1.677000	0.000000
-1.678000	0.000000
-1.679000	0.000000
-1.680000	0.000000
-1.681000	0.000000
-1.682000	0.000000
-1.683000	0.000000
-1.684000	0.000000
-1.685000	0.000000
-1.686000	0.000000
-1.687000	0.000000
-1.688000	0.000000
-1.689000	0.000000
-1.690000	0.000000
-1.691000	0.000000
-1.692000	0.000000
-1.693000	2.000000
-1.694000	0.000000
-1.695000	0.000000
-1.696000	0.000000
-1.697000	0.000000
-1.698000	0.000000
-1.699000	0.000000
-1.700000	0.000000
-1.701000	0.000000
-1.702000	0.000000
-1.703000	0.000000
-1.704000	0.000000
-1.705000	0.000000
-1.706000	0.000000
-1.707000	0.000000
-1.708000	0.000000
-1.709000	0.000000
-1.710000	0.000000
-1.711000	0.000000
-1.712000	0.000000
-1.713000	0.000000
-1.714000	0.000000
-1.715000	0.000000
-1.716000	0.000000
-1.717000	0.000000
-1.718000	0.000000
-1.719000	0.000000
-1.720000	0.000000
-1.721000	0.000000
-1.722000	0.000000
-1.723000	0.000000
-1.724000	0.000000
-1.725000	0.000000
-1.726000	0.000000
-1.727000	0.000000
-1.728000	0.000000
-1.729000	0.000000
-1.730000	0.000000
-1.731000	0.000000
-1.732000	0.000000
-1.733000	-2.000000
-1.734000	0.000000
-1.735000	0.000000
-1.736000	0.000000
-1.737000	0.000000
-1.738000	0.000000
-1.739000	0.000000
-1.740000	0.000000
-1.741000	0.000000
-1.742000	0.000000
-1.743000	0.000000
-1.744000	0.000000
-1.745000	0.000000
-1.746000	0.000000
-1.747000	0.000000
-1.748000	0.000000
-1.749000	0.000000
-1.750000	0.000000
-1.751000	-2.000000
-1.752000	0.000000
-1.753000	0.000000
-1.754000	0.000000
-1.755000	0.000000
-1.756000	0.000000
-1.757000	0.000000
-1.758000	0.000000
-1.759000	0.000000
-1.760000	0.000000
-1.761000	0.000000
-1.762000	0.000000
-1.763000	0.000000
-1.764000	0.000000
-1.765000	0.000000
-1.766000	0.000000
-1.767000	0.000000
-1.768000	0.000000
-1.769000	0.000000
-1.770000	0.000000
-1.771000	0.000000
-1.772000	0.000000
-1.773000	0.000000
-1.774000	0.000000
-1.775000	0.000000
-1.776000	0.000000
-1.777000	0.000000
-1.778000	0.000000
-1.779000	0.000000
-1.780000	0.000000
-1.781000	0.000000
-1.782000	0.000000
-1.783000	0.000000
-1.784000	0.000000
-1.785000	0.000000
-1.786000	0.000000
-1.787000	0.000000
-1.788000	0.000000
-1.789000	0.000000
-1.790000	0.000000
-1.791000	0.000000
-1.792000	0.000000
-1.793000	0.000000
-1.794000	0.000000
-1.795000	0.000000
-1.796000	2.000000
-1.797000	0.000000
-1.798000	0.000000
-1.799000	0.000000
-1.800000	0.000000
-1.801000	0.000000
-1.802000	0.000000
-1.803000	0.000000
-1.804000	0.000000
-1.805000	-2.000000
-1.806000	0.000000
-1.807000	0.000000
-1.808000	0.000000
-1.809000	0.000000
-1.810000	0.000000
-1.811000	0.000000
-1.812000	0.000000
-1.813000	2.000000
-1.814000	0.000000
-1.815000	0.000000
-1.816000	-2.000000
-1.817000	0.000000
-1.818000	0.000000
-1.819000	0.000000
-1.820000	0.000000
-1.821000	0.000000
-1.822000	0.000000
-1.823000	0.000000
-1.824000	0.000000
-1.825000	0.000000
-1.826000	0.000000
-1.827000	0.000000
-1.828000	0.000000
-1.829000	0.000000
-1.830000	0.000000
-1.831000	0.000000
-1.832000	0.000000
-1.833000	0.000000
-1.834000	0.000000
-1.835000	0.000000
-1.836000	0.000000
-1.837000	0.000000
-1.838000	0.000000
-1.839000	0.000000
-1.840000	0.000000
-1.841000	0.000000
-1.842000	0.000000
-1.843000	0.000000
-1.844000	0.000000
-1.845000	0.000000
-1.846000	0.000000
-1.847000	0.000000
-1.848000	0.000000
-1.849000	0.000000
-1.850000	0.000000
-1.851000	0.000000
-1.852000	0.000000
-1.853000	0.000000
-1.854000	0.000000
-1.855000	0.000000
-1.856000	0.000000
-1.857000	0.000000
-1.858000	0.000000
-1.859000	0.000000
-1.860000	0.000000
-1.861000	0.000000
-1.862000	0.000000
-1.863000	0.000000
-1.864000	0.000000
-1.865000	0.000000
-1.866000	0.000000
-1.867000	0.000000
-1.868000	0.000000
-1.869000	0.000000
-1.870000	0.000000
-1.871000	0.000000
-1.872000	0.000000
-1.873000	0.000000
-1.874000	0.000000
-1.875000	0.000000
-1.876000	0.000000
-1.877000	0.000000
-1.878000	2.000000
-1.879000	0.000000
-1.880000	0.000000
-1.881000	0.000000
-1.882000	0.000000
-1.883000	0.000000
-1.884000	0.000000
-1.885000	0.000000
-1.886000	0.000000
-1.887000	0.000000
-1.888000	0.000000
-1.889000	0.000000
-1.890000	0.000000
-1.891000	0.000000
-1.892000	0.000000
-1.893000	0.000000
-1.894000	0.000000
-1.895000	0.000000
-1.896000	0.000000
-1.897000	0.000000
-1.898000	0.000000
-1.899000	0.000000
-1.900000	0.000000
-1.901000	0.000000
-1.902000	0.000000
-1.903000	0.000000
-1.904000	0.000000
-1.905000	0.000000
-1.906000	-2.000000
-1.907000	0.000000
-1.908000	0.000000
-1.909000	0.000000
-1.910000	0.000000
-1.911000	0.000000
-1.912000	0.000000
-1.913000	0.000000
-1.914000	0.000000
-1.915000	0.000000
-1.916000	0.000000
-1.917000	0.000000
-1.918000	0.000000
-1.919000	0.000000
-1.920000	0.000000
-1.921000	0.000000
-1.922000	0.000000
-1.923000	0.000000
-1.924000	0.000000
-1.925000	0.000000
-1.926000	0.000000
-1.927000	0.000000
-1.928000	0.000000
-1.929000	0.000000
-1.930000	0.000000
-1.931000	2.000000
-1.932000	0.000000
-1.933000	0.000000
-1.934000	2.000000
-1.935000	0.000000
-1.936000	0.000000
-1.937000	0.000000
-1.938000	0.000000
-1.939000	0.000000
-1.940000	0.000000
-1.941000	0.000000
-1.942000	0.000000
-1.943000	0.000000
-1.944000	0.000000
-1.945000	0.000000
-1.946000	0.000000
-1.947000	0.000000
-1.948000	0.000000
-1.949000	0.000000
-1.950000	0.000000
-1.951000	0.000000
-1.952000	0.000000
-1.953000	0.000000
-1.954000	0.000000
-1.955000	0.000000
-1.956000	0.000000
-1.957000	0.000000
-1.958000	0.000000
-1.959000	0.000000
-1.960000	0.000000
-1.961000	0.000000
-1.962000	0.000000
-1.963000	0.000000
-1.964000	0.000000
-1.965000	0.000000
-1.966000	0.000000
-1.967000	0.000000
-1.968000	0.000000
-1.969000	0.000000
-1.970000	0.000000
-1.971000	0.000000
-1.972000	0.000000
-1.973000	0.000000
-1.974000	0.000000
-1.975000	0.000000
-1.976000	0.000000
-1.977000	0.000000
-1.978000	0.000000
-1.979000	0.000000
-1.980000	0.000000
-1.981000	0.000000
-1.982000	0.000000
-1.983000	0.000000
-1.984000	0.000000
-1.985000	0.000000
-1.986000	0.000000
-1.987000	0.000000
-1.988000	0.000000
-1.989000	0.000000
-1.990000	0.000000
-1.991000	0.000000
-1.992000	0.000000
-1.993000	0.000000
-1.994000	0.000000
-1.995000	0.000000
-1.996000	0.000000
-1.997000	0.000000
-1.998000	0.000000
-1.999000	0.000000
-2.000000	0.000000
-2.001000	0.000000
-2.002000	0.000000
-2.003000	0.000000
-2.004000	0.000000
-2.005000	0.000000
-2.006000	0.000000
-2.007000	0.000000
-2.008000	0.000000
-2.009000	0.000000
-2.010000	0.000000
-2.011000	0.000000
-2.012000	0.000000
-2.013000	0.000000
-2.014000	0.000000
-2.015000	0.000000
-2.016000	0.000000
-2.017000	0.000000
-2.018000	0.000000
-2.019000	0.000000
-2.020000	0.000000
-2.021000	0.000000
-2.022000	0.000000
-2.023000	0.000000
-2.024000	0.000000
-2.025000	0.000000
-2.026000	0.000000
-2.027000	0.000000
-2.028000	0.000000
-2.029000	0.000000
-2.030000	0.000000
-2.031000	0.000000
-2.032000	0.000000
-2.033000	0.000000
-2.034000	0.000000
-2.035000	0.000000
-2.036000	0.000000
-2.037000	0.000000
-2.038000	0.000000
-2.039000	0.000000
-2.040000	0.000000
-2.041000	0.000000
-2.042000	0.000000
-2.043000	0.000000
-2.044000	0.000000
-2.045000	0.000000
-2.046000	0.000000
-2.047000	0.000000
-2.048000	0.000000
-2.049000	0.000000
-2.050000	0.000000
-2.051000	0.000000
-2.052000	0.000000
-2.053000	0.000000
-2.054000	0.000000
-2.055000	0.000000
-2.056000	0.000000
-2.057000	0.000000
-2.058000	0.000000
-2.059000	0.000000
-2.060000	0.000000
-2.061000	0.000000
-2.062000	-2.000000
-2.063000	0.000000
-2.064000	0.000000
-2.065000	0.000000
-2.066000	0.000000
-2.067000	0.000000
-2.068000	0.000000
-2.069000	0.000000
-2.070000	0.000000
-2.071000	0.000000
-2.072000	-2.000000
-2.073000	0.000000
-2.074000	0.000000
-2.075000	0.000000
-2.076000	0.000000
-2.077000	0.000000
-2.078000	0.000000
-2.079000	0.000000
-2.080000	0.000000
-2.081000	0.000000
-2.082000	0.000000
-2.083000	0.000000
-2.084000	0.000000
-2.085000	0.000000
-2.086000	0.000000
-2.087000	0.000000
-2.088000	0.000000
-2.089000	0.000000
-2.090000	2.000000
-2.091000	0.000000
-2.092000	0.000000
-2.093000	0.000000
-2.094000	0.000000
-2.095000	0.000000
-2.096000	0.000000
-2.097000	0.000000
-2.098000	0.000000
-2.099000	0.000000
-2.100000	0.000000
-2.101000	0.000000
-2.102000	0.000000
-2.103000	2.000000
-2.104000	0.000000
-2.105000	0.000000
-2.106000	0.000000
-2.107000	0.000000
-2.108000	0.000000
-2.109000	0.000000
-2.110000	0.000000
-2.111000	0.000000
-2.112000	0.000000
-2.113000	0.000000
-2.114000	0.000000
-2.115000	0.000000
-2.116000	0.000000
-2.117000	0.000000
-2.118000	0.000000
-2.119000	-2.000000
-2.120000	0.000000
-2.121000	0.000000
-2.122000	0.000000
-2.123000	0.000000
-2.124000	0.000000
-2.125000	0.000000
-2.126000	0.000000
-2.127000	0.000000
-2.128000	0.000000
-2.129000	0.000000
-2.130000	0.000000
-2.131000	0.000000
-2.132000	0.000000
-2.133000	0.000000
-2.134000	0.000000
-2.135000	0.000000
-2.136000	0.000000
-2.137000	0.000000
-2.138000	0.000000
-2.139000	0.000000
-2.140000	0.000000
-2.141000	0.000000
-2.142000	0.000000
-2.143000	0.000000
-2.144000	0.000000
-2.145000	0.000000
-2.146000	0.000000
-2.147000	0.000000
-2.148000	0.000000
-2.149000	0.000000
-2.150000	0.000000
-2.151000	0.000000
-2.152000	0.000000
-2.153000	0.000000
-2.154000	0.000000
-2.155000	0.000000
-2.156000	0.000000
-2.157000	0.000000
-2.158000	0.000000
-2.159000	0.000000
-2.160000	0.000000
-2.161000	0.000000
-2.162000	0.000000
-2.163000	2.000000
-2.164000	0.000000
-2.165000	0.000000
-2.166000	0.000000
-2.167000	0.000000
-2.168000	0.000000
-2.169000	0.000000
-2.170000	0.000000
-2.171000	0.000000
-2.172000	0.000000
-2.173000	0.000000
-2.174000	0.000000
-2.175000	0.000000
-2.176000	0.000000
-2.177000	0.000000
-2.178000	0.000000
-2.179000	0.000000
-2.180000	0.000000
-2.181000	0.000000
-2.182000	0.000000
-2.183000	0.000000
-2.184000	0.000000
-2.185000	0.000000
-2.186000	0.000000
-2.187000	0.000000
-2.188000	0.000000
-2.189000	0.000000
-2.190000	0.000000
-2.191000	0.000000
-2.192000	0.000000
-2.193000	0.000000
-2.194000	0.000000
-2.195000	0.000000
-2.196000	0.000000
-2.197000	0.000000
-2.198000	0.000000
-2.199000	0.000000
-2.200000	0.000000
-2.201000	0.000000
-2.202000	0.000000
-2.203000	0.000000
-2.204000	0.000000
-2.205000	0.000000
-2.206000	0.000000
-2.207000	0.000000
-2.208000	0.000000
-2.209000	0.000000
-2.210000	0.000000
-2.211000	0.000000
-2.212000	0.000000
-2.213000	-2.000000
-2.214000	0.000000
-2.215000	0.000000
-2.216000	0.000000
-2.217000	0.000000
-2.218000	0.000000
-2.219000	0.000000
-2.220000	0.000000
-2.221000	0.000000
-2.222000	0.000000
-2.223000	0.000000
-2.224000	0.000000
-2.225000	0.000000
-2.226000	0.000000
-2.227000	0.000000
-2.228000	0.000000
-2.229000	0.000000
-2.230000	0.000000
-2.231000	0.000000
-2.232000	0.000000
-2.233000	0.000000
-2.234000	0.000000
-2.235000	0.000000
-2.236000	0.000000
-2.237000	0.000000
-2.238000	0.000000
-2.239000	2.000000
-2.240000	0.000000
-2.241000	0.000000
-2.242000	0.000000
-2.243000	0.000000
-2.244000	0.000000
-2.245000	0.000000
-2.246000	0.000000
-2.247000	0.000000
-2.248000	0.000000
-2.249000	0.000000
-2.250000	0.000000
-2.251000	0.000000
-2.252000	0.000000
-2.253000	0.000000
-2.254000	0.000000
-2.255000	-2.000000
-2.256000	0.000000
-2.257000	0.000000
-2.258000	0.000000
-2.259000	0.000000
-2.260000	0.000000
-2.261000	0.000000
-2.262000	0.000000
-2.263000	0.000000
-2.264000	0.000000
-2.265000	0.000000
-2.266000	0.000000
-2.267000	0.000000
-2.268000	0.000000
-2.269000	0.000000
-2.270000	0.000000
-2.271000	0.000000
-2.272000	0.000000
-2.273000	0.000000
-2.274000	0.000000
-2.275000	0.000000
-2.276000	0.000000
-2.277000	0.000000
-2.278000	0.000000
-2.279000	0.000000
-2.280000	0.000000
-2.281000	0.000000
-2.282000	0.000000
-2.283000	0.000000
-2.284000	0.000000
-2.285000	0.000000
-2.286000	0.000000
-2.287000	0.000000
-2.288000	0.000000
-2.289000	0.000000
-2.290000	2.000000
-2.291000	0.000000
-2.292000	0.000000
-2.293000	0.000000
-2.294000	0.000000
-2.295000	0.000000
-2.296000	0.000000
-2.297000	0.000000
-2.298000	0.000000
-2.299000	0.000000
-2.300000	0.000000
-2.301000	0.000000
-2.302000	0.000000
-2.303000	0.000000
-2.304000	0.000000
-2.305000	0.000000
-2.306000	0.000000
-2.307000	0.000000
-2.308000	0.000000
-2.309000	0.000000
-2.310000	0.000000
-2.311000	0.000000
-2.312000	0.000000
-2.313000	0.000000
-2.314000	0.000000
-2.315000	0.000000
-2.316000	0.000000
-2.317000	0.000000
-2.318000	0.000000
-2.319000	0.000000
-2.320000	0.000000
-2.321000	0.000000
-2.322000	0.000000
-2.323000	0.000000
-2.324000	0.000000
-2.325000	0.000000
-2.326000	0.000000
-2.327000	0.000000
-2.328000	0.000000
-2.329000	0.000000
-2.330000	0.000000
-2.331000	0.000000
-2.332000	0.000000
-2.333000	0.000000
-2.334000	0.000000
-2.335000	0.000000
-2.336000	0.000000
-2.337000	0.000000
-2.338000	0.000000
-2.339000	0.000000
-2.340000	0.000000
-2.341000	0.000000
-2.342000	0.000000
-2.343000	0.000000
-2.344000	0.000000
-2.345000	0.000000
-2.346000	0.000000
-2.347000	0.000000
-2.348000	0.000000
-2.349000	0.000000
-2.350000	0.000000
-2.351000	0.000000
-2.352000	0.000000
-2.353000	0.000000
-2.354000	0.000000
-2.355000	0.000000
-2.356000	0.000000
-2.357000	0.000000
-2.358000	0.000000
-2.359000	0.000000
-2.360000	0.000000
-2.361000	0.000000
-2.362000	0.000000
-2.363000	0.000000
-2.364000	0.000000
-2.365000	0.000000
-2.366000	0.000000
-2.367000	0.000000
-2.368000	0.000000
-2.369000	0.000000
-2.370000	0.000000
-2.371000	0.000000
-2.372000	0.000000
-2.373000	0.000000
-2.374000	0.000000
-2.375000	0.000000
-2.376000	0.000000
-2.377000	0.000000
-2.378000	0.000000
-2.379000	0.000000
-2.380000	0.000000
-2.381000	0.000000
-2.382000	0.000000
-2.383000	0.000000
-2.384000	0.000000
-2.385000	0.000000
-2.386000	0.000000
-2.387000	0.000000
-2.388000	0.000000
-2.389000	0.000000
-2.390000	0.000000
-2.391000	0.000000
-2.392000	0.000000
-2.393000	0.000000
-2.394000	0.000000
-2.395000	0.000000
-2.396000	0.000000
-2.397000	0.000000
-2.398000	0.000000
-2.399000	0.000000
-2.400000	0.000000
-2.401000	0.000000
-2.402000	0.000000
-2.403000	-2.000000
-2.404000	0.000000
-2.405000	0.000000
-2.406000	0.000000
-2.407000	0.000000
-2.408000	0.000000
-2.409000	0.000000
-2.410000	2.000000
-2.411000	0.000000
-2.412000	0.000000
-2.413000	0.000000
-2.414000	0.000000
-2.415000	0.000000
-2.416000	0.000000
-2.417000	0.000000
-2.418000	0.000000
-2.419000	0.000000
-2.420000	0.000000
-2.421000	0.000000
-2.422000	0.000000
-2.423000	0.000000
-2.424000	0.000000
-2.425000	0.000000
-2.426000	0.000000
-2.427000	0.000000
-2.428000	0.000000
-2.429000	0.000000
-2.430000	0.000000
-2.431000	0.000000
-2.432000	0.000000
-2.433000	0.000000
-2.434000	0.000000
-2.435000	0.000000
-2.436000	0.000000
-2.437000	0.000000
-2.438000	0.000000
-2.439000	0.000000
-2.440000	0.000000
-2.441000	0.000000
-2.442000	0.000000
-2.443000	0.000000
-2.444000	0.000000
-2.445000	0.000000
-2.446000	0.000000
-2.447000	0.000000
-2.448000	0.000000
-2.449000	0.000000
-2.450000	0.000000
-2.451000	0.000000
-2.452000	0.000000
-2.453000	0.000000
-2.454000	0.000000
-2.455000	0.000000
-2.456000	0.000000
-2.457000	0.000000
-2.458000	0.000000
-2.459000	0.000000
-2.460000	0.000000
-2.461000	0.000000
-2.462000	0.000000
-2.463000	0.000000
-2.464000	0.000000
-2.465000	0.000000
-2.466000	0.000000
-2.467000	0.000000
-2.468000	0.000000
-2.469000	0.000000
-2.470000	0.000000
-2.471000	0.000000
-2.472000	0.000000
-2.473000	0.000000
-2.474000	0.000000
-2.475000	0.000000
-2.476000	0.000000
-2.477000	0.000000
-2.478000	0.000000
-2.479000	0.000000
-2.480000	0.000000
-2.481000	0.000000
-2.482000	0.000000
-2.483000	0.000000
-2.484000	0.000000
-2.485000	0.000000
-2.486000	0.000000
-2.487000	0.000000
-2.488000	0.000000
-2.489000	0.000000
-2.490000	0.000000
-2.491000	0.000000
-2.492000	0.000000
-2.493000	0.000000
-2.494000	0.000000
-2.495000	0.000000
-2.496000	0.000000
-2.497000	0.000000
-2.498000	0.000000
-2.499000	0.000000
-2.500000	0.000000
