100.000000	0.015625	17.819219	-0.031250
99.900000	0.019531	21.706758	-0.039063
99.800000	0.058594	20.300586	-0.117188
99.700000	0.027344	26.697637	-0.054688
99.600000	0.021484	23.503027	-0.042969
99.500000	-0.021484	23.332871	0.042969
99.400000	0.037109	17.957344	-0.074219
99.300000	0.027344	18.683418	-0.054688
99.200000	-0.007813	26.946758	0.015625
99.100000	-0.001953	20.712656	0.003906
99.000000	0.017578	17.792773	-0.035156
98.900000	0.082031	27.253730	-0.164063
98.800000	-0.015625	27.577676	0.031250
98.700000	-0.007813	20.074805	0.015625
98.600000	0.035156	22.800098	-0.070313
98.500000	-0.025391	19.737637	0.050781
98.400000	0.029297	16.934082	-0.058594
98.300000	0.011719	23.607285	-0.023438
98.200000	0.015625	17.167383	-0.031250
98.100000	-0.019531	20.053418	0.039063
98.000000	0.037109	19.287773	-0.074219
97.900000	0.062500	21.438340	-0.125000
97.800000	0.025391	13.515020	-0.050781
97.700000	0.054688	21.409297	-0.109375
97.600000	0.015625	25.623770	-0.031250
97.500000	0.007813	11.549922	-0.015625
97.400000	-0.003906	22.033594	0.007813
97.300000	-0.001953	17.133047	0.003906
97.200000	0.031250	10.949922	-0.062500
97.100000	0.048828	20.984785	-0.097656
97.000000	-0.015625	20.715859	0.031250
96.900000	0.048828	25.202031	-0.097656
96.800000	0.001953	17.283008	-0.003906
96.700000	0.033203	21.275469	-0.066406
96.600000	0.050781	23.062910	-0.101563
96.500000	0.025391	21.060098	-0.050781
96.400000	0.003906	20.663926	-0.007813
96.300000	-0.031250	21.395215	0.062500
96.200000	0.074219	24.328594	-0.148438
96.100000	0.019531	19.189336	-0.039063
96.000000	0.042969	20.281875	-0.085938
95.900000	0.013672	24.744902	-0.027344
95.800000	0.029297	22.934980	-0.058594
95.700000	0.037109	20.509883	-0.074219
95.600000	0.050781	19.912266	-0.101563
95.500000	0.000000	20.315488	-0.000000
95.400000	-0.005859	16.237930	0.011719
95.300000	0.041016	23.619297	-0.082031
95.200000	0.044922	18.865391	-0.089844
95.100000	0.017578	18.268340	-0.035156
95.000000	-0.001953	27.658828	0.003906
94.900000	0.027344	23.330020	-0.054688
94.800000	-0.001953	21.381348	0.003906
94.700000	0.007813	22.921699	-0.015625
94.600000	0.037109	15.874551	-0.074219
94.500000	0.054688	24.550703	-0.109375
94.400000	0.041016	18.764727	-0.082031
94.300000	0.064453	18.379922	-0.128906
94.200000	-0.017578	19.960957	0.035156
94.100000	-0.017578	15.824766	0.035156
94.000000	0.056641	25.084980	-0.113281
93.900000	0.005859	19.214297	-0.011719
93.800000	0.064453	17.331465	-0.128906
93.700000	0.013672	18.962832	-0.027344
93.600000	0.058594	23.445488	-0.117188
93.500000	-0.015625	18.845996	0.031250
93.400000	0.027344	26.883184	-0.054688
93.300000	0.066406	22.240176	-0.132813
93.200000	-0.023438	24.654102	0.046875
93.100000	0.025391	28.401738	-0.050781
93.000000	0.039063	24.068535	-0.078125
92.900000	0.013672	23.557559	-0.027344
92.800000	0.017578	24.131641	-0.035156
92.700000	0.007813	20.481758	-0.015625
92.600000	0.031250	21.552949	-0.062500
92.500000	0.050781	24.791816	-0.101563
92.400000	0.062500	24.772871	-0.125000
92.300000	-0.003906	22.744668	0.007813
92.200000	0.070313	23.266074	-0.140625
92.100000	0.039063	28.464590	-0.078125
92.000000	0.039063	23.184687	-0.078125
91.900000	-0.013672	25.765957	0.027344
91.800000	0.025391	23.013262	-0.050781
91.700000	0.005859	23.374590	-0.011719
91.600000	0.027344	22.417363	-0.054688
91.500000	0.023438	27.273965	-0.046875
91.400000	-0.003906	26.853809	0.007813
91.300000	0.029297	21.838242	-0.058594
91.200000	0.029297	24.667578	-0.058594
91.100000	-0.009766	22.631055	0.019531
91.000000	0.009766	21.636934	-0.019531
90.900000	-0.017578	20.462773	0.035156
90.800000	0.046875	22.105566	-0.093750
90.700000	-0.003906	20.554707	0.007813
90.600000	0.019531	24.146152	-0.039063
90.500000	0.041016	26.184219	-0.082031
90.400000	0.033203	23.876191	-0.066406
90.300000	0.035156	19.523750	-0.070313
90.200000	0.031250	18.080918	-0.062500
90.100000	0.037109	22.167246	-0.074219
90.000000	0.017578	22.150703	-0.035156
89.900000	0.056641	25.290898	-0.113281
89.800000	0.021484	23.885820	-0.042969
89.700000	0.041016	28.055488	-0.082031
89.600000	0.013672	21.888711	-0.027344
89.500000	0.048828	16.852930	-0.097656
89.400000	-0.041016	18.060234	0.082031
89.300000	0.058594	22.972988	-0.117188
89.200000	0.015625	23.913379	-0.031250
89.100000	0.029297	24.754277	-0.058594
89.000000	0.056641	19.997637	-0.113281
88.900000	0.080078	24.174277	-0.160156
88.800000	0.078125	21.552832	-0.156250
88.700000	0.027344	21.163027	-0.054688
88.600000	0.064453	33.486543	-0.128906
88.500000	0.080078	26.829727	-0.160156
88.400000	0.037109	23.058184	-0.074219
88.300000	0.044922	22.561055	-0.089844
88.200000	0.037109	22.500488	-0.074219
88.100000	0.007813	21.125449	-0.015625
88.000000	-0.013672	20.367559	0.027344
87.900000	0.037109	22.143242	-0.074219
87.800000	0.031250	22.964648	-0.062500
87.700000	-0.009766	25.274082	0.019531
87.600000	-0.027344	20.495742	0.054688
87.500000	0.027344	19.223008	-0.054688
87.400000	0.015625	27.558145	-0.031250
87.300000	0.035156	27.266504	-0.070313
87.200000	0.033203	26.481602	-0.066406
87.100000	0.033203	22.889063	-0.066406
87.000000	0.042969	25.531738	-0.085938
86.900000	-0.019531	26.057871	0.039063
86.800000	0.052734	25.586602	-0.105469
86.700000	0.050781	26.601953	-0.101563
86.600000	0.011719	31.386602	-0.023438
86.500000	0.033203	25.692207	-0.066406
86.400000	0.054688	27.483184	-0.109375
86.300000	0.025391	23.671094	-0.050781
86.200000	0.060547	25.773027	-0.121094
86.100000	0.005859	19.498223	-0.011719
86.000000	0.029297	23.500234	-0.058594
85.900000	0.068359	24.209629	-0.136719
85.800000	-0.033203	17.830234	0.066406
85.700000	-0.027344	21.001465	0.054688
85.600000	0.052734	31.387676	-0.105469
85.500000	0.044922	25.528652	-0.089844
85.400000	0.000000	20.646211	-0.000000
85.300000	0.015625	25.764004	-0.031250
85.200000	0.062500	27.723594	-0.125000
85.100000	0.089844	22.536641	-0.179688
85.000000	-0.003906	23.223828	0.007813
84.900000	0.056641	23.356309	-0.113281
84.800000	0.005859	31.075645	-0.011719
84.700000	0.058594	25.731504	-0.117188
84.600000	0.025391	25.152109	-0.050781
84.500000	0.041016	27.362656	-0.082031
84.400000	0.015625	30.175156	-0.031250
84.300000	0.031250	20.603828	-0.062500
84.200000	0.003906	22.535195	-0.007813
84.100000	0.031250	28.118574	-0.062500
84.000000	0.056641	25.282246	-0.113281
83.900000	0.041016	27.581934	-0.082031
83.800000	-0.015625	27.348223	0.031250
83.700000	0.000000	25.843027	-0.000000
83.600000	-0.033203	21.212402	0.066406
83.500000	0.035156	24.824551	-0.070313
83.400000	-0.003906	26.992949	0.007813
83.300000	0.017578	23.634062	-0.035156
83.200000	0.058594	16.453223	-0.117188
83.100000	-0.001953	25.502949	0.003906
83.000000	0.013672	24.835840	-0.027344
82.900000	0.025391	23.939277	-0.050781
82.800000	0.015625	27.454199	-0.031250
82.700000	0.023438	28.826191	-0.046875
82.600000	0.056641	23.314121	-0.113281
82.500000	0.007813	16.086328	-0.015625
82.400000	-0.003906	23.944414	0.007813
82.300000	0.035156	25.904805	-0.070313
82.200000	0.060547	20.119629	-0.121094
82.100000	-0.019531	24.718477	0.039063
82.000000	0.054688	22.000879	-0.109375
81.900000	0.025391	23.824980	-0.050781
81.800000	0.046875	29.280000	-0.093750
81.700000	-0.013672	24.056074	0.027344
81.600000	0.009766	21.853848	-0.019531
81.500000	0.031250	26.481445	-0.062500
81.400000	-0.013672	24.399238	0.027344
81.300000	-0.044922	27.108613	0.089844
81.200000	-0.046875	26.426016	0.093750
81.100000	0.097656	23.075137	-0.195313
81.000000	0.072266	24.252676	-0.144531
80.900000	-0.041016	23.454180	0.082031
80.800000	0.031250	25.838262	-0.062500
80.700000	0.062500	33.648047	-0.125000
80.600000	0.007813	26.185059	-0.015625
80.500000	0.019531	29.575996	-0.039063
80.400000	0.017578	23.799043	-0.035156
80.300000	-0.039063	26.211699	0.078125
80.200000	0.013672	17.360957	-0.027344
80.100000	0.064453	27.187773	-0.128906
80.000000	0.029297	24.521230	-0.058594
79.900000	0.046875	34.097012	-0.093750
79.800000	0.046875	27.120469	-0.093750
79.700000	0.005859	26.527695	-0.011719
79.600000	-0.005859	20.089199	0.011719
79.500000	0.058594	26.663887	-0.117188
79.400000	0.048828	27.566250	-0.097656
79.300000	0.056641	27.362012	-0.113281
79.200000	0.050781	24.426816	-0.101563
79.100000	0.013672	27.533496	-0.027344
79.000000	0.033203	23.356152	-0.066406
78.900000	0.005859	18.442520	-0.011719
78.800000	-0.005859	27.714844	0.011719
78.700000	0.060547	29.396406	-0.121094
78.600000	0.007813	26.976152	-0.015625
78.500000	0.005859	23.061563	-0.011719
78.400000	0.017578	29.254668	-0.035156
78.300000	0.039063	31.891133	-0.078125
78.200000	0.050781	23.629863	-0.101563
78.100000	0.027344	28.189688	-0.054688
78.000000	-0.019531	23.369961	0.039063
77.900000	0.000000	30.299082	-0.000000
77.800000	0.009766	24.588203	-0.019531
77.700000	-0.039063	25.677109	0.078125
77.600000	0.023438	27.164336	-0.046875
77.500000	-0.015625	29.939023	0.031250
77.400000	0.037109	31.530566	-0.074219
77.300000	-0.001953	28.430625	0.003906
77.200000	0.017578	22.956016	-0.035156
77.100000	0.046875	25.636387	-0.093750
77.000000	0.003906	28.335723	-0.007813
76.900000	0.082031	29.090098	-0.164063
76.800000	-0.003906	28.400645	0.007813
76.700000	0.017578	23.246719	-0.035156
76.600000	0.062500	30.323691	-0.125000
76.500000	0.025391	29.278105	-0.050781
76.400000	0.039063	27.555645	-0.078125
76.300000	0.031250	19.299141	-0.062500
76.200000	0.031250	24.781621	-0.062500
76.100000	0.009766	27.586934	-0.019531
76.000000	0.052734	27.674414	-0.105469
75.900000	0.062500	34.687832	-0.125000
75.800000	-0.027344	28.794766	0.054688
75.700000	0.013672	30.199297	-0.027344
75.600000	0.011719	23.653437	-0.023438
75.500000	-0.015625	32.629277	0.031250
75.400000	-0.017578	29.979199	0.035156
75.300000	0.031250	27.890078	-0.062500
75.200000	0.072266	28.598125	-0.144531
75.100000	0.048828	29.634980	-0.097656
75.000000	0.007813	31.633711	-0.015625
74.900000	-0.019531	31.717324	0.039063
74.800000	0.041016	25.778711	-0.082031
74.700000	0.046875	30.327188	-0.093750
74.600000	-0.033203	26.079746	0.066406
74.500000	0.031250	22.207266	-0.062500
74.400000	-0.017578	25.108965	0.035156
74.300000	0.039063	23.870156	-0.078125
74.200000	0.033203	26.865508	-0.066406
74.100000	0.042969	27.315039	-0.085938
74.000000	0.046875	28.187051	-0.093750
73.900000	0.115234	27.719180	-0.230469
73.800000	-0.033203	25.631816	0.066406
73.700000	-0.009766	23.775371	0.019531
73.600000	-0.003906	29.238086	0.007813
73.500000	0.041016	28.484199	-0.082031
73.400000	0.009766	28.619824	-0.019531
73.300000	0.007813	28.809238	-0.015625
73.200000	0.062500	22.589238	-0.125000
73.100000	0.031250	29.291152	-0.062500
73.000000	0.048828	32.139102	-0.097656
72.900000	-0.041016	24.295840	0.082031
72.800000	0.007813	29.467793	-0.015625
72.700000	0.080078	29.190938	-0.160156
72.600000	0.000000	31.606816	-0.000000
72.500000	0.029297	28.280879	-0.058594
72.400000	0.064453	30.056973	-0.128906
72.300000	-0.005859	26.049082	0.011719
72.200000	0.039063	29.552969	-0.078125
72.100000	0.041016	31.972461	-0.082031
72.000000	0.037109	27.005039	-0.074219
71.900000	0.027344	27.148125	-0.054688
71.800000	0.056641	27.613418	-0.113281
71.700000	0.042969	27.523555	-0.085938
71.600000	0.068359	28.471191	-0.136719
71.500000	0.083984	27.289785	-0.167969
71.400000	-0.007813	31.031035	0.015625
71.300000	0.041016	31.634062	-0.082031
71.200000	0.033203	25.149434	-0.066406
71.100000	0.000000	29.435371	-0.000000
71.000000	0.046875	35.200605	-0.093750
70.900000	-0.029297	26.500957	0.058594
70.800000	-0.025391	22.695352	0.050781
70.700000	0.023438	24.755664	-0.046875
70.600000	0.035156	29.301992	-0.070313
70.500000	0.052734	32.844805	-0.105469
70.400000	0.044922	35.257949	-0.089844
70.300000	0.064453	27.764336	-0.128906
70.200000	-0.021484	31.859590	0.042969
70.100000	0.054688	31.474766	-0.109375
70.000000	0.052734	24.836133	-0.105469
69.900000	0.009766	36.392695	-0.019531
69.800000	0.044922	27.717168	-0.089844
69.700000	0.068359	30.085098	-0.136719
69.600000	0.015625	27.574980	-0.031250
69.500000	0.007813	25.119766	-0.015625
69.400000	-0.019531	32.451289	0.039063
69.300000	0.037109	35.339004	-0.074219
69.200000	-0.031250	27.647227	0.062500
69.100000	0.029297	33.101035	-0.058594
69.000000	0.082031	31.071836	-0.164063
68.900000	0.011719	30.295742	-0.023438
68.800000	0.048828	26.126055	-0.097656
68.700000	0.066406	33.921074	-0.132813
68.600000	0.052734	30.027988	-0.105469
68.500000	0.058594	29.902852	-0.117188
68.400000	0.085938	30.037813	-0.171875
68.300000	0.035156	30.057461	-0.070313
68.200000	-0.005859	27.614512	0.011719
68.100000	0.017578	27.644883	-0.035156
68.000000	0.078125	33.176523	-0.156250
67.900000	0.013672	22.488281	-0.027344
67.800000	-0.017578	32.050371	0.035156
67.700000	0.019531	27.651133	-0.039063
67.600000	0.074219	31.543320	-0.148438
67.500000	0.011719	30.042891	-0.023438
67.400000	-0.025391	32.850996	0.050781
67.300000	0.054688	29.465723	-0.109375
67.200000	0.042969	27.772891	-0.085938
67.100000	0.087891	27.471992	-0.175781
67.000000	0.070313	34.194824	-0.140625
66.900000	0.029297	28.522051	-0.058594
66.800000	0.023438	33.275996	-0.046875
66.700000	0.097656	32.826367	-0.195313
66.600000	0.005859	27.973477	-0.011719
66.500000	0.035156	31.887559	-0.070313
66.400000	0.039063	31.567969	-0.078125
66.300000	0.003906	31.853750	-0.007813
66.200000	0.064453	32.151699	-0.128906
66.100000	0.015625	29.732051	-0.031250
66.000000	0.007813	36.876250	-0.015625
65.900000	0.025391	30.073594	-0.050781
65.800000	0.013672	35.887188	-0.027344
65.700000	0.011719	33.161660	-0.023438
65.600000	0.044922	34.834883	-0.089844
65.500000	0.066406	28.362949	-0.132813
65.400000	0.031250	30.800215	-0.062500
65.300000	-0.003906	32.506328	0.007813
65.200000	0.000000	31.730449	-0.000000
65.100000	-0.007813	28.477148	0.015625
65.000000	0.044922	33.867949	-0.089844
64.900000	0.025391	30.842363	-0.050781
64.800000	0.007813	30.591289	-0.015625
64.700000	0.011719	33.600566	-0.023438
64.600000	0.015625	26.844121	-0.031250
64.500000	-0.007813	35.774258	0.015625
64.400000	-0.021484	34.368711	0.042969
64.300000	0.041016	32.185859	-0.082031
64.200000	-0.001953	38.284492	0.003906
64.100000	0.019531	28.745195	-0.039063
64.000000	-0.007813	32.299434	0.015625
63.900000	0.050781	34.390469	-0.101563
63.800000	0.037109	32.023574	-0.074219
63.700000	0.082031	36.289102	-0.164063
63.600000	0.015625	30.719316	-0.031250
63.500000	-0.001953	32.039922	0.003906
63.400000	0.078125	31.070957	-0.156250
63.300000	0.044922	34.019609	-0.089844
63.200000	-0.013672	34.718242	0.027344
63.100000	0.007813	28.054414	-0.015625
63.000000	0.005859	32.435215	-0.011719
62.900000	0.007813	39.820410	-0.015625
62.800000	0.035156	33.973027	-0.070313
62.700000	-0.025391	30.119180	0.050781
62.600000	-0.039063	31.243867	0.078125
62.500000	-0.019531	30.501133	0.039063
62.400000	0.056641	35.722734	-0.113281
62.300000	0.048828	33.453535	-0.097656
62.200000	0.044922	30.358555	-0.089844
62.100000	0.046875	39.500840	-0.093750
62.000000	0.044922	34.945879	-0.089844
61.900000	0.000000	31.238750	-0.000000
61.800000	0.025391	32.641230	-0.050781
61.700000	0.033203	35.311699	-0.066406
61.600000	0.019531	33.427832	-0.039063
61.500000	0.039063	35.298340	-0.078125
61.400000	0.011719	37.461914	-0.023438
61.300000	0.058594	31.623965	-0.117188
61.200000	0.070313	35.142344	-0.140625
61.100000	0.044922	32.593008	-0.089844
61.000000	0.029297	35.614219	-0.058594
60.900000	0.017578	31.394570	-0.035156
60.800000	0.031250	31.645879	-0.062500
60.700000	0.044922	34.647305	-0.089844
60.600000	0.033203	32.363359	-0.066406
60.500000	0.064453	37.448301	-0.128906
60.400000	-0.005859	42.592148	0.011719
60.300000	0.050781	32.255059	-0.101563
60.200000	0.076172	35.771387	-0.152344
60.100000	0.046875	34.423926	-0.093750
60.000000	-0.015625	32.213105	0.031250
59.900000	0.044922	38.428203	-0.089844
59.800000	0.013672	32.892598	-0.027344
59.700000	0.128906	29.581348	-0.257813
59.600000	-0.019531	37.304316	0.039063
59.500000	0.064453	37.153145	-0.128906
59.400000	0.017578	36.239160	-0.035156
59.300000	-0.015625	33.584922	0.031250
59.200000	0.068359	34.317285	-0.136719
59.100000	0.023438	36.669492	-0.046875
59.000000	0.031250	34.387520	-0.062500
58.900000	0.052734	34.584023	-0.105469
58.800000	0.052734	36.181426	-0.105469
58.700000	0.023438	31.754824	-0.046875
58.600000	0.019531	38.170391	-0.039063
58.500000	0.019531	35.470488	-0.039063
58.400000	0.017578	39.699922	-0.035156
58.300000	0.015625	31.137129	-0.031250
58.200000	0.048828	33.030898	-0.097656
58.100000	-0.015625	39.451816	0.031250
58.000000	0.029297	34.250430	-0.058594
57.900000	0.066406	32.656836	-0.132813
57.800000	0.054688	39.470684	-0.109375
57.700000	0.058594	42.677344	-0.117188
57.600000	-0.037109	34.843242	0.074219
57.500000	0.046875	37.576602	-0.093750
57.400000	0.009766	33.737266	-0.019531
57.300000	-0.001953	35.797227	0.003906
57.200000	0.015625	38.853047	-0.031250
57.100000	-0.097656	34.651016	0.195313
57.000000	0.029297	39.240020	-0.058594
56.900000	0.035156	34.736074	-0.070313
56.800000	0.000000	33.212012	-0.000000
56.700000	0.050781	36.357285	-0.101563
56.600000	0.005859	37.894707	-0.011719
56.500000	0.054688	37.380840	-0.109375
56.400000	0.025391	38.035645	-0.050781
56.300000	0.015625	36.011270	-0.031250
56.200000	0.017578	36.457598	-0.035156
56.100000	0.031250	32.618730	-0.062500
56.000000	0.044922	38.181699	-0.089844
55.900000	0.019531	37.990098	-0.039063
55.800000	0.083984	35.804434	-0.167969
55.700000	0.044922	36.540879	-0.089844
55.600000	0.009766	36.737344	-0.019531
55.500000	0.021484	33.571250	-0.042969
55.400000	0.033203	40.069785	-0.066406
55.300000	0.001953	39.935605	-0.003906
55.200000	0.031250	39.945273	-0.062500
55.100000	0.046875	36.013379	-0.093750
55.000000	0.035156	34.792578	-0.070313
54.900000	0.019531	37.197988	-0.039063
54.800000	0.044922	40.406641	-0.089844
54.700000	0.064453	37.376133	-0.128906
54.600000	0.017578	39.371777	-0.035156
54.500000	0.031250	41.294160	-0.062500
54.400000	0.021484	33.453730	-0.042969
54.300000	0.025391	35.786543	-0.050781
54.200000	-0.023438	37.500762	0.046875
54.100000	0.003906	30.781191	-0.007813
54.000000	-0.015625	37.825391	0.031250
53.900000	0.033203	33.608242	-0.066406
53.800000	0.056641	37.431289	-0.113281
53.700000	-0.039063	38.176641	0.078125
53.600000	0.083984	42.428086	-0.167969
53.500000	-0.003906	33.689863	0.007813
53.400000	-0.013672	38.344258	0.027344
53.300000	0.052734	42.266191	-0.105469
53.200000	0.039063	41.931523	-0.078125
53.100000	-0.046875	37.251211	0.093750
53.000000	0.011719	38.070508	-0.023438
52.900000	-0.009766	40.897676	0.019531
52.800000	0.048828	42.940215	-0.097656
52.700000	0.068359	36.486875	-0.136719
52.600000	0.031250	37.832637	-0.062500
52.500000	0.064453	36.390313	-0.128906
52.400000	0.023438	33.051406	-0.046875
52.300000	0.064453	35.599922	-0.128906
52.200000	-0.035156	42.802461	0.070313
52.100000	0.056641	36.584160	-0.113281
52.000000	-0.048828	36.013066	0.097656
51.900000	0.009766	38.927734	-0.019531
51.800000	0.048828	42.019473	-0.097656
51.700000	0.076172	42.243984	-0.152344
51.600000	-0.039063	41.731387	0.078125
51.500000	0.050781	42.392539	-0.101563
51.400000	0.072266	32.965527	-0.144531
51.300000	0.025391	39.665195	-0.050781
51.200000	0.066406	45.367070	-0.132813
51.100000	0.087891	36.761523	-0.175781
51.000000	0.041016	37.659336	-0.082031
50.900000	0.089844	37.659863	-0.179688
50.800000	0.003906	35.490215	-0.007813
50.700000	-0.035156	42.046055	0.070313
50.600000	0.048828	40.792812	-0.097656
50.500000	0.031250	40.682461	-0.062500
50.400000	0.011719	40.598613	-0.023438
50.300000	0.048828	40.084609	-0.097656
50.200000	0.054688	43.908789	-0.109375
50.100000	0.066406	41.102266	-0.132813
50.000000	0.076172	34.716836	-0.152344
49.900000	0.031250	41.083262	-0.062500
49.800000	0.003906	41.890117	-0.007813
49.700000	0.037109	40.981270	-0.074219
49.600000	0.041016	45.301289	-0.082031
49.500000	0.050781	39.635723	-0.101563
49.400000	0.082031	46.355059	-0.164063
49.300000	0.064453	45.521582	-0.128906
49.200000	0.095703	35.410469	-0.191406
49.100000	0.021484	40.949297	-0.042969
49.000000	0.062500	37.606055	-0.125000
48.900000	0.074219	42.279551	-0.148438
48.800000	0.066406	38.155703	-0.132813
48.700000	0.068359	43.371016	-0.136719
48.600000	0.041016	43.777285	-0.082031
48.500000	-0.017578	39.743340	0.035156
48.400000	0.066406	39.693965	-0.132813
48.300000	0.085938	44.299531	-0.171875
48.200000	0.109375	49.840313	-0.218750
48.100000	0.031250	40.259062	-0.062500
48.000000	0.087891	40.426230	-0.175781
47.900000	0.025391	39.225801	-0.050781
47.800000	0.087891	47.226875	-0.175781
47.700000	0.056641	42.739648	-0.113281
47.600000	0.048828	41.641016	-0.097656
47.500000	0.023438	41.146543	-0.046875
47.400000	0.078125	50.620176	-0.156250
47.300000	0.039063	40.913848	-0.078125
47.200000	0.046875	45.801367	-0.093750
47.100000	0.019531	40.605566	-0.039063
47.000000	0.050781	40.016719	-0.101563
46.900000	0.078125	42.421660	-0.156250
46.800000	0.058594	43.299414	-0.117188
46.700000	0.035156	43.693809	-0.070313
46.600000	0.121094	41.373281	-0.242188
46.500000	0.082031	43.990293	-0.164063
46.400000	-0.029297	39.315000	0.058594
46.300000	0.060547	41.195176	-0.121094
46.200000	0.042969	45.003301	-0.085938
46.100000	-0.009766	41.055215	0.019531
46.000000	0.074219	41.898398	-0.148438
45.900000	0.029297	41.282539	-0.058594
45.800000	0.062500	34.390742	-0.125000
45.700000	0.039063	45.951133	-0.078125
45.600000	0.023438	45.653242	-0.046875
45.500000	0.015625	44.474258	-0.031250
45.400000	0.107422	46.770547	-0.214844
45.300000	0.044922	46.206289	-0.089844
45.200000	0.062500	50.318320	-0.125000
45.100000	0.001953	51.113301	-0.003906
45.000000	0.015625	41.468359	-0.031250
44.900000	0.060547	46.485078	-0.121094
44.800000	0.031250	52.725352	-0.062500
44.700000	0.050781	47.229453	-0.101563
44.600000	-0.017578	41.208379	0.035156
44.500000	0.054688	47.333770	-0.109375
44.400000	0.070313	47.796133	-0.140625
44.300000	0.064453	47.333691	-0.128906
44.200000	0.042969	50.849336	-0.085938
44.100000	0.037109	43.863945	-0.074219
44.000000	0.029297	48.380215	-0.058594
43.900000	0.076172	45.295605	-0.152344
43.800000	0.009766	44.228184	-0.019531
43.700000	0.027344	45.371484	-0.054688
43.600000	0.082031	49.641797	-0.164063
43.500000	-0.015625	43.015215	0.031250
43.400000	-0.005859	47.633887	0.011719
43.300000	0.076172	50.333867	-0.152344
43.200000	0.050781	48.396621	-0.101563
43.100000	0.041016	44.899102	-0.082031
43.000000	0.007813	45.126680	-0.015625
42.900000	0.039063	49.198398	-0.078125
42.800000	0.097656	48.812285	-0.195313
42.700000	0.066406	43.079863	-0.132813
42.600000	0.050781	48.883770	-0.101563
42.500000	0.070313	45.660039	-0.140625
42.400000	0.041016	53.529160	-0.082031
42.300000	0.011719	53.974922	-0.023438
42.200000	0.099609	47.703555	-0.199219
42.100000	0.048828	48.761914	-0.097656
42.000000	0.060547	53.695703	-0.121094
41.900000	0.029297	44.563027	-0.058594
41.800000	0.048828	55.673418	-0.097656
41.700000	0.072266	50.258848	-0.144531
41.600000	0.017578	45.654121	-0.035156
41.500000	0.044922	49.594512	-0.089844
41.400000	0.031250	48.632109	-0.062500
41.300000	0.076172	52.936719	-0.152344
41.200000	0.033203	46.812480	-0.066406
41.100000	0.068359	51.854961	-0.136719
41.000000	-0.005859	47.720371	0.011719
40.900000	0.023438	49.565020	-0.046875
40.800000	0.078125	49.538340	-0.156250
40.700000	0.060547	50.337363	-0.121094
40.600000	0.076172	53.349824	-0.152344
40.500000	0.054688	49.438828	-0.109375
40.400000	0.072266	55.913652	-0.144531
40.300000	0.066406	43.272656	-0.132813
40.200000	0.042969	54.072500	-0.085938
40.100000	0.164063	50.750195	-0.328125
40.000000	0.042969	51.450391	-0.085938
39.900000	0.068359	52.442988	-0.136719
39.800000	0.074219	59.124648	-0.148438
39.700000	0.031250	51.935742	-0.062500
39.600000	0.066406	51.449258	-0.132813
39.500000	0.058594	59.583945	-0.117188
39.400000	0.072266	48.989805	-0.144531
39.300000	0.078125	52.304063	-0.156250
39.200000	0.093750	53.865938	-0.187500
39.100000	-0.009766	53.506934	0.019531
39.000000	0.033203	48.327832	-0.066406
38.900000	0.070313	51.482188	-0.140625
38.800000	0.062500	50.112520	-0.125000
38.700000	0.005859	56.935488	-0.011719
38.600000	0.005859	48.157910	-0.011719
38.500000	0.017578	53.596699	-0.035156
38.400000	-0.025391	55.161289	0.050781
38.300000	0.064453	55.387109	-0.128906
38.200000	0.060547	53.803574	-0.121094
38.100000	0.054688	55.712031	-0.109375
38.000000	0.042969	58.972813	-0.085938
37.900000	0.070313	55.860488	-0.140625
37.800000	0.033203	55.618965	-0.066406
37.700000	0.056641	48.699160	-0.113281
37.600000	0.054688	52.787227	-0.109375
37.500000	0.019531	54.748242	-0.039063
37.400000	0.015625	58.416270	-0.031250
37.300000	0.093750	50.874063	-0.187500
37.200000	0.048828	55.855430	-0.097656
37.100000	0.037109	53.364277	-0.074219
37.000000	0.062500	55.050234	-0.125000
36.900000	0.050781	62.253027	-0.101563
36.800000	0.025391	53.771777	-0.050781
36.700000	0.091797	56.846172	-0.183594
36.600000	0.023438	59.735977	-0.046875
36.500000	0.033203	56.549258	-0.066406
36.400000	0.062500	50.149746	-0.125000
36.300000	0.062500	53.707695	-0.125000
36.200000	0.089844	59.423437	-0.179688
36.100000	0.111328	51.386348	-0.222656
36.000000	-0.021484	59.034648	0.042969
35.900000	0.048828	62.605684	-0.097656
35.800000	0.105469	57.405645	-0.210938
35.700000	0.093750	57.035996	-0.187500
35.600000	0.042969	56.583418	-0.085938
35.500000	0.056641	57.600215	-0.113281
35.400000	0.029297	62.431523	-0.058594
35.300000	-0.009766	53.207422	0.019531
35.200000	0.050781	54.413359	-0.101563
35.100000	0.085938	61.744727	-0.171875
35.000000	0.078125	57.110176	-0.156250
34.900000	0.066406	55.297773	-0.132813
34.800000	0.015625	54.963906	-0.031250
34.700000	0.025391	58.139941	-0.050781
34.600000	0.097656	61.585020	-0.195313
34.500000	0.023438	61.913184	-0.046875
34.400000	0.101563	60.849824	-0.203125
34.300000	0.080078	55.624082	-0.160156
34.200000	0.068359	59.856465	-0.136719
34.100000	0.041016	67.465039	-0.082031
34.000000	0.068359	59.176875	-0.136719
33.900000	0.029297	63.290156	-0.058594
33.800000	0.091797	64.395332	-0.183594
33.700000	0.050781	58.000801	-0.101563
33.600000	0.005859	64.013437	-0.011719
33.500000	0.011719	55.179473	-0.023438
33.400000	0.054688	58.487832	-0.109375
33.300000	0.068359	62.249434	-0.136719
33.200000	0.044922	61.640332	-0.089844
33.100000	0.091797	64.941797	-0.183594
33.000000	0.085938	65.591543	-0.171875
32.900000	0.054688	60.927168	-0.109375
32.800000	0.031250	65.727676	-0.062500
32.700000	0.103516	61.132266	-0.207031
32.600000	0.027344	61.466543	-0.054688
32.500000	0.058594	62.753086	-0.117188
32.400000	0.031250	67.450410	-0.062500
32.300000	0.048828	62.235273	-0.097656
32.200000	0.080078	67.757324	-0.160156
32.100000	0.068359	60.834961	-0.136719
32.000000	0.078125	69.351953	-0.156250
31.900000	0.058594	62.688477	-0.117188
31.800000	0.044922	65.263203	-0.089844
31.700000	0.000000	60.316973	-0.000000
31.600000	0.048828	63.241348	-0.097656
31.500000	0.095703	64.394531	-0.191406
31.400000	0.005859	60.904863	-0.011719
31.300000	0.072266	65.533184	-0.144531
31.200000	0.109375	65.586523	-0.218750
31.100000	0.064453	62.010645	-0.128906
31.000000	0.048828	67.626699	-0.097656
30.900000	0.064453	60.370234	-0.128906
30.800000	0.078125	70.179316	-0.156250
30.700000	0.011719	63.875078	-0.023438
30.600000	0.105469	69.770664	-0.210938
30.500000	0.093750	72.323086	-0.187500
30.400000	0.064453	67.463965	-0.128906
30.300000	0.039063	65.678926	-0.078125
30.200000	0.111328	64.462734	-0.222656
30.100000	0.107422	67.566621	-0.214844
30.000000	0.039063	64.779844	-0.078125
29.900000	0.062500	68.235820	-0.125000
29.800000	0.117188	74.234785	-0.234375
29.700000	0.064453	57.748262	-0.128906
29.600000	0.076172	69.215137	-0.152344
29.500000	0.062500	74.000859	-0.125000
29.400000	0.070313	76.892695	-0.140625
29.300000	0.134766	71.470488	-0.269531
29.200000	0.031250	69.773125	-0.062500
29.100000	0.037109	74.867578	-0.074219
29.000000	0.044922	73.906133	-0.089844
28.900000	0.023438	70.202832	-0.046875
28.800000	0.062500	70.031602	-0.125000
28.700000	0.056641	71.662188	-0.113281
28.600000	0.056641	68.648906	-0.113281
28.500000	0.132813	73.357266	-0.265625
28.400000	0.105469	69.253574	-0.210938
28.300000	0.082031	67.157754	-0.164063
28.200000	0.130859	72.001484	-0.261719
28.100000	0.093750	73.424688	-0.187500
28.000000	0.064453	69.575215	-0.128906
27.900000	0.093750	70.574453	-0.187500
27.800000	0.076172	75.026270	-0.152344
27.700000	0.125000	73.257188	-0.250000
27.600000	0.048828	77.566328	-0.097656
27.500000	0.046875	74.600313	-0.093750
27.400000	0.050781	75.483750	-0.101563
27.300000	0.019531	66.506152	-0.039063
27.200000	0.109375	72.984082	-0.218750
27.100000	-0.011719	70.806309	0.023438
27.000000	0.011719	76.775039	-0.023438
26.900000	0.031250	72.590020	-0.062500
26.800000	0.066406	70.950254	-0.132813
26.700000	0.082031	75.378223	-0.164063
26.600000	0.062500	78.975508	-0.125000
26.500000	0.033203	78.841309	-0.066406
26.400000	0.035156	80.991543	-0.070313
26.300000	0.074219	76.067148	-0.148438
26.200000	0.031250	83.374805	-0.062500
26.100000	0.085938	76.217461	-0.171875
26.000000	0.072266	75.048574	-0.144531
25.900000	0.042969	74.884980	-0.085938
25.800000	0.035156	74.671914	-0.070313
25.700000	0.068359	79.508008	-0.136719
25.600000	0.068359	79.661016	-0.136719
25.500000	0.074219	77.663340	-0.148438
25.400000	0.080078	82.665020	-0.160156
25.300000	0.080078	85.706621	-0.160156
25.200000	0.125000	80.317324	-0.250000
25.100000	0.103516	79.346191	-0.207031
25.000000	0.058594	79.765195	-0.117188
24.900000	0.087891	80.476445	-0.175781
24.800000	0.080078	81.387676	-0.160156
24.700000	0.064453	78.928125	-0.128906
24.600000	0.097656	86.095078	-0.195313
24.500000	0.119141	81.908379	-0.238281
24.400000	0.089844	80.776758	-0.179688
24.300000	0.070313	76.012812	-0.140625
24.200000	0.042969	88.476406	-0.085938
24.100000	0.076172	83.143965	-0.152344
24.000000	0.060547	82.623301	-0.121094
23.900000	0.121094	90.869922	-0.242188
23.800000	0.082031	81.495996	-0.164063
23.700000	0.062500	86.698281	-0.125000
23.600000	0.093750	86.805449	-0.187500
23.500000	0.027344	89.821035	-0.054688
23.400000	0.078125	86.934902	-0.156250
23.300000	0.123047	84.261797	-0.246094
23.200000	0.113281	90.318086	-0.226563
23.100000	0.044922	87.401660	-0.089844
23.000000	0.062500	91.235234	-0.125000
22.900000	0.060547	87.593398	-0.121094
22.800000	0.042969	91.614043	-0.085938
22.700000	0.044922	91.416582	-0.089844
22.600000	0.068359	93.247793	-0.136719
22.500000	0.085938	90.470508	-0.171875
22.400000	0.095703	84.924551	-0.191406
22.300000	0.093750	92.471230	-0.187500
22.200000	0.105469	96.779727	-0.210938
22.100000	0.068359	94.079434	-0.136719
22.000000	0.064453	95.657930	-0.128906
21.900000	0.119141	91.588027	-0.238281
21.800000	0.146484	95.884062	-0.292969
21.700000	0.121094	96.847129	-0.242188
21.600000	0.082031	96.817871	-0.164063
21.500000	0.080078	92.521719	-0.160156
21.400000	0.064453	91.940449	-0.128906
21.300000	0.150391	103.077344	-0.300781
21.200000	0.076172	96.848574	-0.152344
21.100000	0.132813	94.666699	-0.265625
21.000000	0.101563	92.804004	-0.203125
20.900000	0.115234	100.363750	-0.230469
20.800000	0.052734	96.265879	-0.105469
20.700000	0.136719	94.225703	-0.273438
20.600000	0.076172	104.274375	-0.152344
20.500000	0.052734	95.730039	-0.105469
20.400000	0.152344	100.005430	-0.304688
20.300000	0.089844	100.105586	-0.179688
20.200000	0.113281	96.268984	-0.226563
20.100000	0.089844	96.615117	-0.179688
20.000000	0.126953	103.935664	-0.253906
19.900000	0.128906	98.178926	-0.257813
19.800000	0.080078	99.891191	-0.160156
19.700000	0.095703	105.402129	-0.191406
19.600000	0.115234	106.888516	-0.230469
19.500000	0.132813	108.074531	-0.265625
19.400000	0.111328	103.485645	-0.222656
19.300000	0.054688	98.946152	-0.109375
19.200000	0.111328	110.027988	-0.222656
19.100000	0.140625	104.546465	-0.281250
19.000000	0.136719	107.142324	-0.273438
18.900000	0.119141	109.121680	-0.238281
18.800000	0.103516	113.604746	-0.207031
18.700000	0.132813	107.004297	-0.265625
18.600000	0.128906	103.206738	-0.257813
18.500000	0.134766	114.253887	-0.269531
18.400000	0.123047	110.325176	-0.246094
18.300000	0.119141	113.089199	-0.238281
18.200000	0.148438	114.330703	-0.296875
18.100000	0.142578	114.997109	-0.285156
18.000000	0.052734	110.707598	-0.105469
17.900000	0.111328	111.536504	-0.222656
17.800000	0.130859	113.154082	-0.261719
17.700000	0.140625	116.551367	-0.281250
17.600000	0.126953	119.121816	-0.253906
17.500000	0.085938	113.589590	-0.171875
17.400000	0.146484	121.310293	-0.292969
17.300000	0.095703	116.815371	-0.191406
17.200000	0.150391	119.225645	-0.300781
17.100000	0.091797	113.788594	-0.183594
17.000000	0.082031	115.858965	-0.164063
16.900000	0.162109	117.699707	-0.324219
16.800000	0.150391	116.639414	-0.300781
16.700000	0.132813	122.830996	-0.265625
16.600000	0.052734	122.073750	-0.105469
16.500000	0.125000	125.761602	-0.250000
16.400000	0.162109	128.584316	-0.324219
16.300000	0.083984	130.916289	-0.167969
16.200000	0.119141	122.726816	-0.238281
16.100000	0.142578	132.336191	-0.285156
16.000000	0.119141	130.634551	-0.238281
15.900000	0.146484	129.260273	-0.292969
15.800000	0.134766	137.054805	-0.269531
15.700000	0.138672	127.360078	-0.277344
15.600000	0.164063	132.016348	-0.328125
15.500000	0.173828	128.182031	-0.347656
15.400000	0.136719	129.487402	-0.273438
15.300000	0.160156	131.744160	-0.320313
15.200000	0.150391	135.768262	-0.300781
15.100000	0.123047	134.329609	-0.246094
15.000000	0.109375	132.624746	-0.218750
14.900000	0.103516	137.439746	-0.207031
14.800000	0.175781	136.512793	-0.351563
14.700000	0.072266	136.340781	-0.144531
14.600000	0.097656	131.851426	-0.195313
14.500000	0.164063	139.652422	-0.328125
14.400000	0.193359	140.177109	-0.386719
14.300000	0.166016	141.229434	-0.332031
14.200000	0.177734	147.258066	-0.355469
14.100000	0.101563	149.998730	-0.203125
14.000000	0.171875	140.029980	-0.343750
13.900000	0.085938	146.296270	-0.171875
13.800000	0.152344	149.903750	-0.304688
13.700000	0.128906	149.967461	-0.257813
13.600000	0.126953	149.989648	-0.253906
13.500000	0.187500	151.973535	-0.375000
13.400000	0.199219	151.147109	-0.398438
13.300000	0.138672	153.093945	-0.277344
13.200000	0.140625	152.831211	-0.281250
13.100000	0.169922	151.736934	-0.339844
13.000000	0.132813	162.502324	-0.265625
12.900000	0.107422	154.632168	-0.214844
12.800000	0.160156	159.977598	-0.320313
12.700000	0.128906	164.171094	-0.257813
12.600000	0.175781	158.286738	-0.351563
12.500000	0.158203	163.866992	-0.316406
12.400000	0.119141	163.725977	-0.238281
12.300000	0.121094	162.382891	-0.242188
12.200000	0.189453	166.096465	-0.378906
12.100000	0.156250	164.815820	-0.312500
12.000000	0.113281	171.386895	-0.226563
11.900000	0.134766	170.973906	-0.269531
11.800000	0.175781	177.941836	-0.351563
11.700000	0.208984	176.679629	-0.417969
11.600000	0.236328	184.937676	-0.472656
11.500000	0.210938	179.029102	-0.421875
11.400000	0.181641	176.595430	-0.363281
11.300000	0.144531	176.798086	-0.289063
11.200000	0.166016	181.818320	-0.332031
11.100000	0.203125	185.435195	-0.406250
11.000000	0.189453	186.897852	-0.378906
10.900000	0.166016	185.424355	-0.332031
10.800000	0.152344	187.271660	-0.304688
10.700000	0.181641	190.489668	-0.363281
10.600000	0.218750	189.498008	-0.437500
10.500000	0.203125	193.785781	-0.406250
10.400000	0.175781	188.820723	-0.351563
10.300000	0.150391	193.470371	-0.300781
10.200000	0.189453	202.896738	-0.378906
10.100000	0.130859	200.067324	-0.261719
10.000000	0.191406	205.972969	-0.382813
9.900000	0.140625	200.712324	-0.281250
9.800000	0.210938	201.823848	-0.421875
9.700000	0.136719	210.494043	-0.273438
9.600000	0.216797	213.816484	-0.433594
9.500000	0.273438	213.390957	-0.546875
9.400000	0.187500	219.612246	-0.375000
9.300000	0.201172	217.321875	-0.402344
9.200000	0.193359	208.799609	-0.386719
9.100000	0.226563	219.750020	-0.453125
9.000000	0.230469	223.905176	-0.460938
8.900000	0.197266	226.505137	-0.394531
8.800000	0.203125	227.664766	-0.406250
8.700000	0.212891	236.976289	-0.425781
8.600000	0.189453	233.078438	-0.378906
8.500000	0.222656	237.578965	-0.445313
8.400000	0.199219	237.318105	-0.398438
8.300000	0.269531	241.817500	-0.539063
8.200000	0.271484	243.298906	-0.542969
8.100000	0.273438	249.905039	-0.546875
8.000000	0.171875	254.810039	-0.343750
7.900000	0.185547	248.509023	-0.371094
7.800000	0.232422	262.848965	-0.464844
7.700000	0.212891	263.812617	-0.425781
7.600000	0.332031	263.916289	-0.664063
7.500000	0.265625	269.126777	-0.531250
7.400000	0.210938	264.495918	-0.421875
7.300000	0.257813	282.823887	-0.515625
7.200000	0.218750	268.082168	-0.437500
7.100000	0.312500	283.982773	-0.625000
7.000000	0.265625	284.331660	-0.531250
6.900000	0.302734	284.889160	-0.605469
6.800000	0.285156	296.130801	-0.570313
6.700000	0.250000	297.733066	-0.500000
6.600000	0.285156	302.465723	-0.570313
6.500000	0.292969	304.179980	-0.585938
6.400000	0.302734	312.330566	-0.605469
6.300000	0.257813	314.367656	-0.515625
6.200000	0.275391	317.496543	-0.550781
6.100000	0.310547	331.123320	-0.621094
6.000000	0.294922	329.590977	-0.589844
5.900000	0.267578	330.599746	-0.535156
5.800000	0.320313	337.744766	-0.640625
5.700000	0.384766	346.962988	-0.769531
5.600000	0.326172	353.313320	-0.652344
5.500000	0.349609	356.838477	-0.699219
5.400000	0.335938	359.791367	-0.671875
5.300000	0.394531	372.263887	-0.789063
5.200000	0.349609	369.588320	-0.699219
5.100000	0.343750	385.525391	-0.687500
5.000000	0.349609	389.396465	-0.699219
4.900000	0.345703	393.111719	-0.691406
4.800000	0.423828	402.809004	-0.847656
4.700000	0.371094	409.211406	-0.742188
4.600000	0.457031	421.021348	-0.914063
4.500000	0.425781	423.218145	-0.851563
4.400000	0.453125	432.065137	-0.906250
4.300000	0.435547	450.648301	-0.871094
4.200000	0.449219	454.931680	-0.898438
4.100000	0.451172	462.726270	-0.902344
4.000000	0.501953	476.381406	-1.003906
3.900000	0.460938	482.961406	-0.921875
3.800000	0.433594	493.081094	-0.867188
3.700000	0.501953	501.025195	-1.003906
3.600000	0.472656	516.681074	-0.945313
3.500000	0.527344	525.190703	-1.054688
3.400000	0.529297	546.827363	-1.058594
3.300000	0.519531	557.515273	-1.039063
3.200000	0.572266	569.210156	-1.144531
3.100000	0.554688	579.108438	-1.109375
3.000000	0.572266	595.844707	-1.144531
2.900000	0.578125	610.594121	-1.156250
2.800000	0.595703	627.937676	-1.191406
2.700000	0.609375	646.725059	-1.218750
2.600000	0.638672	664.991699	-1.277344
2.500000	0.671875	685.178594	-1.343750
2.400000	0.697266	700.125156	-1.394531
2.300000	0.697266	720.874883	-1.394531
2.200000	0.712891	738.947051	-1.425781
2.100000	0.716797	756.901699	-1.433594
2.000000	0.769531	777.871562	-1.539063
1.900000	0.771484	800.227168	-1.542969
1.800000	0.812500	823.867500	-1.625000
1.700000	0.808594	842.654863	-1.617188
1.600000	0.857422	867.979102	-1.714844
1.500000	0.882813	889.538496	-1.765625
1.400000	0.894531	913.858750	-1.789063
1.300000	0.931641	934.499453	-1.863281
1.200000	0.945313	954.066328	-1.890625
1.100000	0.957031	970.939746	-1.914063
1.000000	0.964844	985.440078	-1.929688
0.900000	0.976563	1001.104551	-1.953125
0.800000	0.984375	1008.942637	-1.968750
0.700000	0.998047	1017.674316	-1.996094
0.600000	0.998047	1021.710332	-1.996094
0.500000	1.000000	1023.382949	-2.000000
0.400000	1.000000	1023.817656	-2.000000
0.300000	1.000000	1023.921523	-2.000000
0.200000	1.000000	1023.903555	-2.000000
0.100000	1.000000	1023.966094	-2.000000
