100.000000	-0.007813	-0.007813
99.900000	-0.042969	-0.042969
99.800000	0.011719	0.011719
99.700000	0.009766	0.009766
99.600000	-0.050781	-0.050781
99.500000	-0.015625	-0.015625
99.400000	0.031250	0.031250
99.300000	0.021484	0.021484
99.200000	0.005859	0.005859
99.100000	-0.025391	-0.025391
99.000000	0.007813	0.007813
98.900000	-0.011719	-0.011719
98.800000	0.009766	0.009766
98.700000	0.017578	0.017578
98.600000	-0.011719	-0.011719
98.500000	-0.013672	-0.013672
98.400000	-0.011719	-0.011719
98.300000	-0.062500	-0.062500
98.200000	-0.015625	-0.015625
98.100000	-0.029297	-0.029297
98.000000	-0.050781	-0.050781
97.900000	-0.025391	-0.025391
97.800000	-0.044922	-0.044922
97.700000	0.044922	0.044922
97.600000	-0.037109	-0.037109
97.500000	-0.005859	-0.005859
97.400000	-0.021484	-0.021484
97.300000	0.041016	0.041016
97.200000	-0.021484	-0.021484
97.100000	0.005859	0.005859
97.000000	-0.042969	-0.042969
96.900000	-0.042969	-0.042969
96.800000	-0.009766	-0.009766
96.700000	0.019531	0.019531
96.600000	-0.044922	-0.044922
96.500000	0.003906	0.003906
96.400000	-0.033203	-0.033203
96.300000	0.037109	0.037109
96.200000	-0.017578	-0.017578
96.100000	0.003906	0.003906
96.000000	-0.095703	-0.095703
95.900000	0.037109	0.037109
95.800000	-0.017578	-0.017578
95.700000	-0.003906	-0.003906
95.600000	-0.005859	-0.005859
95.500000	-0.003906	-0.003906
95.400000	-0.013672	-0.013672
95.300000	0.011719	0.011719
95.200000	-0.054688	-0.054688
95.100000	-0.011719	-0.011719
95.000000	0.021484	0.021484
94.900000	-0.003906	-0.003906
94.800000	-0.044922	-0.044922
94.700000	0.046875	0.046875
94.600000	-0.001953	-0.001953
94.500000	-0.019531	-0.019531
94.400000	-0.019531	-0.019531
94.300000	-0.031250	-0.031250
94.200000	0.044922	0.044922
94.100000	-0.050781	-0.050781
94.000000	0.003906	0.003906
93.900000	-0.037109	-0.037109
93.800000	0.011719	0.011719
93.700000	-0.001953	-0.001953
93.600000	-0.062500	-0.062500
93.500000	0.009766	0.009766
93.400000	0.021484	0.021484
93.300000	0.033203	0.033203
93.200000	-0.054688	-0.054688
93.100000	-0.021484	-0.021484
93.000000	0.000000	0.000000
92.900000	-0.019531	-0.019531
92.800000	-0.033203	-0.033203
92.700000	0.005859	0.005859
92.600000	-0.056641	-0.056641
92.500000	0.007813	0.007813
92.400000	0.005859	0.005859
92.300000	-0.091797	-0.091797
92.200000	0.025391	0.025391
92.100000	-0.003906	-0.003906
92.000000	-0.042969	-0.042969
91.900000	0.009766	0.009766
91.800000	-0.015625	-0.015625
91.700000	-0.041016	-0.041016
91.600000	0.003906	0.003906
91.500000	0.031250	0.031250
91.400000	-0.029297	-0.029297
91.300000	0.021484	0.021484
91.200000	-0.042969	-0.042969
91.100000	0.029297	0.029297
91.000000	-0.007813	-0.007813
90.900000	-0.005859	-0.005859
90.800000	-0.007813	-0.007813
90.700000	-0.060547	-0.060547
90.600000	0.015625	0.015625
90.500000	-0.035156	-0.035156
90.400000	-0.029297	-0.029297
90.300000	0.009766	0.009766
90.200000	-0.052734	-0.052734
90.100000	0.031250	0.031250
90.000000	0.015625	0.015625
89.900000	-0.015625	-0.015625
89.800000	-0.042969	-0.042969
89.700000	-0.011719	-0.011719
89.600000	-0.033203	-0.033203
89.500000	-0.003906	-0.003906
89.400000	-0.011719	-0.011719
89.300000	-0.033203	-0.033203
89.200000	-0.007813	-0.007813
89.100000	-0.048828	-0.048828
89.000000	0.046875	0.046875
88.900000	-0.044922	-0.044922
88.800000	-0.017578	-0.017578
88.700000	0.021484	0.021484
88.600000	0.005859	0.005859
88.500000	-0.021484	-0.021484
88.400000	0.080078	0.080078
88.300000	-0.009766	-0.009766
88.200000	-0.007813	-0.007813
88.100000	-0.003906	-0.003906
88.000000	0.009766	0.009766
87.900000	-0.042969	-0.042969
87.800000	-0.007813	-0.007813
87.700000	-0.015625	-0.015625
87.600000	-0.017578	-0.017578
87.500000	-0.058594	-0.058594
87.400000	0.021484	0.021484
87.300000	-0.064453	-0.064453
87.200000	-0.013672	-0.013672
87.100000	0.029297	0.029297
87.000000	-0.003906	-0.003906
86.900000	0.009766	0.009766
86.800000	0.009766	0.009766
86.700000	-0.007813	-0.007813
86.600000	-0.089844	-0.089844
86.500000	-0.033203	-0.033203
86.400000	-0.033203	-0.033203
86.300000	0.011719	0.011719
86.200000	-0.029297	-0.029297
86.100000	-0.066406	-0.066406
86.000000	0.031250	0.031250
85.900000	0.048828	0.048828
85.800000	-0.007813	-0.007813
85.700000	-0.037109	-0.037109
85.600000	-0.050781	-0.050781
85.500000	-0.060547	-0.060547
85.400000	-0.019531	-0.019531
85.300000	-0.021484	-0.021484
85.200000	0.003906	0.003906
85.100000	-0.009766	-0.009766
85.000000	0.013672	0.013672
84.900000	-0.023438	-0.023438
84.800000	-0.023438	-0.023438
84.700000	0.033203	0.033203
84.600000	-0.003906	-0.003906
84.500000	-0.044922	-0.044922
84.400000	-0.017578	-0.017578
84.300000	-0.027344	-0.027344
84.200000	-0.001953	-0.001953
84.100000	0.001953	0.001953
84.000000	-0.044922	-0.044922
83.900000	-0.003906	-0.003906
83.800000	0.058594	0.058594
83.700000	-0.019531	-0.019531
83.600000	-0.035156	-0.035156
83.500000	-0.009766	-0.009766
83.400000	-0.054688	-0.054688
83.300000	0.011719	0.011719
83.200000	0.003906	0.003906
83.100000	-0.003906	-0.003906
83.000000	-0.054688	-0.054688
82.900000	-0.033203	-0.033203
82.800000	0.019531	0.019531
82.700000	-0.050781	-0.050781
82.600000	0.031250	0.031250
82.500000	-0.046875	-0.046875
82.400000	-0.017578	-0.017578
82.300000	0.013672	0.013672
82.200000	-0.011719	-0.011719
82.100000	-0.037109	-0.037109
82.000000	-0.044922	-0.044922
81.900000	0.013672	0.013672
81.800000	-0.027344	-0.027344
81.700000	-0.011719	-0.011719
81.600000	0.003906	0.003906
81.500000	0.029297	0.029297
81.400000	-0.052734	-0.052734
81.300000	-0.039063	-0.039063
81.200000	-0.007813	-0.007813
81.100000	0.013672	0.013672
81.000000	-0.035156	-0.035156
80.900000	-0.003906	-0.003906
80.800000	0.046875	0.046875
80.700000	0.001953	0.001953
80.600000	-0.029297	-0.029297
80.500000	0.000000	0.000000
80.400000	-0.011719	-0.011719
80.300000	0.031250	0.031250
80.200000	-0.007813	-0.007813
80.100000	0.029297	0.029297
80.000000	-0.082031	-0.082031
79.900000	0.027344	0.027344
79.800000	0.021484	0.021484
79.700000	0.001953	0.001953
79.600000	-0.023438	-0.023438
79.500000	0.013672	0.013672
79.400000	-0.017578	-0.017578
79.300000	0.009766	0.009766
79.200000	0.031250	0.031250
79.100000	-0.054688	-0.054688
79.000000	-0.005859	-0.005859
78.900000	0.000000	0.000000
78.800000	0.000000	0.000000
78.700000	-0.033203	-0.033203
78.600000	0.025391	0.025391
78.500000	-0.039063	-0.039063
78.400000	0.015625	0.015625
78.300000	-0.007813	-0.007813
78.200000	0.085938	0.085938
78.100000	-0.015625	-0.015625
78.000000	0.001953	0.001953
77.900000	0.021484	0.021484
77.800000	0.009766	0.009766
77.700000	-0.007813	-0.007813
77.600000	-0.023438	-0.023438
77.500000	0.044922	0.044922
77.400000	-0.021484	-0.021484
77.300000	-0.025391	-0.025391
77.200000	-0.025391	-0.025391
77.100000	-0.044922	-0.044922
77.000000	0.011719	0.011719
76.900000	0.013672	0.013672
76.800000	-0.009766	-0.009766
76.700000	-0.056641	-0.056641
76.600000	-0.013672	-0.013672
76.500000	0.011719	0.011719
76.400000	0.021484	0.021484
76.300000	0.031250	0.031250
76.200000	-0.027344	-0.027344
76.100000	0.005859	0.005859
76.000000	-0.070313	-0.070313
75.900000	0.005859	0.005859
75.800000	0.003906	0.003906
75.700000	-0.052734	-0.052734
75.600000	0.001953	0.001953
75.500000	-0.054688	-0.054688
75.400000	0.023438	0.023438
75.300000	-0.015625	-0.015625
75.200000	0.017578	0.017578
75.100000	0.001953	0.001953
75.000000	0.011719	0.011719
74.900000	-0.001953	-0.001953
74.800000	-0.019531	-0.019531
74.700000	0.039063	0.039063
74.600000	0.021484	0.021484
74.500000	0.023438	0.023438
74.400000	-0.025391	-0.025391
74.300000	0.050781	0.050781
74.200000	-0.042969	-0.042969
74.100000	0.005859	0.005859
74.000000	-0.035156	-0.035156
73.900000	-0.019531	-0.019531
73.800000	0.001953	0.001953
73.700000	-0.025391	-0.025391
73.600000	0.042969	0.042969
73.500000	-0.005859	-0.005859
73.400000	-0.021484	-0.021484
73.300000	-0.021484	-0.021484
73.200000	0.019531	0.019531
73.100000	-0.007813	-0.007813
73.000000	-0.037109	-0.037109
72.900000	0.009766	0.009766
72.800000	0.050781	0.050781
72.700000	-0.013672	-0.013672
72.600000	0.021484	0.021484
72.500000	0.011719	0.011719
72.400000	-0.023438	-0.023438
72.300000	-0.060547	-0.060547
72.200000	0.019531	0.019531
72.100000	-0.082031	-0.082031
72.000000	-0.044922	-0.044922
71.900000	0.070313	0.070313
71.800000	-0.025391	-0.025391
71.700000	0.027344	0.027344
71.600000	-0.019531	-0.019531
71.500000	-0.076172	-0.076172
71.400000	0.017578	0.017578
71.300000	0.007813	0.007813
71.200000	-0.039063	-0.039063
71.100000	-0.019531	-0.019531
71.000000	-0.068359	-0.068359
70.900000	-0.007813	-0.007813
70.800000	0.019531	0.019531
70.700000	-0.046875	-0.046875
70.600000	0.001953	0.001953
70.500000	-0.027344	-0.027344
70.400000	-0.005859	-0.005859
70.300000	0.001953	0.001953
70.200000	-0.070313	-0.070313
70.100000	0.015625	0.015625
70.000000	0.017578	0.017578
69.900000	-0.076172	-0.076172
69.800000	-0.052734	-0.052734
69.700000	-0.037109	-0.037109
69.600000	-0.029297	-0.029297
69.500000	-0.025391	-0.025391
69.400000	0.019531	0.019531
69.300000	-0.011719	-0.011719
69.200000	-0.005859	-0.005859
69.100000	-0.048828	-0.048828
69.000000	-0.027344	-0.027344
68.900000	-0.050781	-0.050781
68.800000	-0.031250	-0.031250
68.700000	0.027344	0.027344
68.600000	-0.089844	-0.089844
68.500000	-0.091797	-0.091797
68.400000	0.005859	0.005859
68.300000	-0.039063	-0.039063
68.200000	0.001953	0.001953
68.100000	-0.009766	-0.009766
68.000000	-0.015625	-0.015625
67.900000	-0.027344	-0.027344
67.800000	-0.068359	-0.068359
67.700000	-0.044922	-0.044922
67.600000	0.021484	0.021484
67.500000	-0.007813	-0.007813
67.400000	-0.019531	-0.019531
67.300000	-0.054688	-0.054688
67.200000	0.060547	0.060547
67.100000	-0.015625	-0.015625
67.000000	-0.056641	-0.056641
66.900000	-0.009766	-0.009766
66.800000	0.044922	0.044922
66.700000	-0.056641	-0.056641
66.600000	-0.052734	-0.052734
66.500000	0.005859	0.005859
66.400000	0.001953	0.001953
66.300000	-0.007813	-0.007813
66.200000	0.021484	0.021484
66.100000	-0.046875	-0.046875
66.000000	-0.005859	-0.005859
65.900000	-0.027344	-0.027344
65.800000	0.001953	0.001953
65.700000	-0.025391	-0.025391
65.600000	0.068359	0.068359
65.500000	-0.005859	-0.005859
65.400000	0.042969	0.042969
65.300000	0.015625	0.015625
65.200000	-0.031250	-0.031250
65.100000	-0.046875	-0.046875
65.000000	-0.064453	-0.064453
64.900000	0.011719	0.011719
64.800000	-0.031250	-0.031250
64.700000	-0.103516	-0.103516
64.600000	0.009766	0.009766
64.500000	-0.025391	-0.025391
64.400000	-0.035156	-0.035156
64.300000	-0.013672	-0.013672
64.200000	-0.005859	-0.005859
64.100000	0.060547	0.060547
64.000000	-0.001953	-0.001953
63.900000	-0.005859	-0.005859
63.800000	-0.003906	-0.003906
63.700000	0.029297	0.029297
63.600000	-0.017578	-0.017578
63.500000	-0.033203	-0.033203
63.400000	0.007813	0.007813
63.300000	0.015625	0.015625
63.200000	-0.025391	-0.025391
63.100000	-0.021484	-0.021484
63.000000	-0.015625	-0.015625
62.900000	0.000000	0.000000
62.800000	0.007813	0.007813
62.700000	-0.013672	-0.013672
62.600000	-0.066406	-0.066406
62.500000	-0.015625	-0.015625
62.400000	-0.035156	-0.035156
62.300000	-0.066406	-0.066406
62.200000	-0.042969	-0.042969
62.100000	0.007813	0.007813
62.000000	-0.015625	-0.015625
61.900000	-0.001953	-0.001953
61.800000	-0.009766	-0.009766
61.700000	-0.097656	-0.097656
61.600000	0.044922	0.044922
61.500000	-0.027344	-0.027344
61.400000	-0.082031	-0.082031
61.300000	-0.001953	-0.001953
61.200000	0.025391	0.025391
61.100000	-0.082031	-0.082031
61.000000	0.003906	0.003906
60.900000	0.021484	0.021484
60.800000	0.000000	0.000000
60.700000	-0.027344	-0.027344
60.600000	-0.074219	-0.074219
60.500000	-0.072266	-0.072266
60.400000	0.013672	0.013672
60.300000	-0.033203	-0.033203
60.200000	-0.039063	-0.039063
60.100000	-0.041016	-0.041016
60.000000	-0.029297	-0.029297
59.900000	0.001953	0.001953
59.800000	-0.009766	-0.009766
59.700000	0.011719	0.011719
59.600000	-0.023438	-0.023438
59.500000	0.037109	0.037109
59.400000	-0.003906	-0.003906
59.300000	-0.023438	-0.023438
59.200000	0.001953	0.001953
59.100000	-0.042969	-0.042969
59.000000	0.000000	0.000000
58.900000	0.011719	0.011719
58.800000	0.029297	0.029297
58.700000	-0.037109	-0.037109
58.600000	-0.023438	-0.023438
58.500000	0.005859	0.005859
58.400000	0.001953	0.001953
58.300000	0.029297	0.029297
58.200000	-0.042969	-0.042969
58.100000	-0.052734	-0.052734
58.000000	-0.066406	-0.066406
57.900000	0.023438	0.023438
57.800000	-0.054688	-0.054688
57.700000	-0.062500	-0.062500
57.600000	-0.037109	-0.037109
57.500000	0.019531	0.019531
57.400000	-0.013672	-0.013672
57.300000	0.007813	0.007813
57.200000	0.013672	0.013672
57.100000	0.005859	0.005859
57.000000	0.017578	0.017578
56.900000	-0.048828	-0.048828
56.800000	-0.033203	-0.033203
56.700000	-0.021484	-0.021484
56.600000	-0.015625	-0.015625
56.500000	-0.054688	-0.054688
56.400000	-0.013672	-0.013672
56.300000	-0.042969	-0.042969
56.200000	-0.060547	-0.060547
56.100000	-0.005859	-0.005859
56.000000	0.001953	0.001953
55.900000	-0.058594	-0.058594
55.800000	-0.082031	-0.082031
55.700000	-0.052734	-0.052734
55.600000	-0.066406	-0.066406
55.500000	-0.009766	-0.009766
55.400000	0.041016	0.041016
55.300000	-0.052734	-0.052734
55.200000	0.023438	0.023438
55.100000	-0.048828	-0.048828
55.000000	-0.013672	-0.013672
54.900000	0.021484	0.021484
54.800000	-0.031250	-0.031250
54.700000	-0.070313	-0.070313
54.600000	-0.025391	-0.025391
54.500000	-0.033203	-0.033203
54.400000	0.000000	0.000000
54.300000	-0.015625	-0.015625
54.200000	0.027344	0.027344
54.100000	0.035156	0.035156
54.000000	-0.039063	-0.039063
53.900000	-0.058594	-0.058594
53.800000	0.000000	0.000000
53.700000	0.027344	0.027344
53.600000	-0.039063	-0.039063
53.500000	-0.044922	-0.044922
53.400000	-0.017578	-0.017578
53.300000	-0.029297	-0.029297
53.200000	-0.039063	-0.039063
53.100000	0.013672	0.013672
53.000000	-0.078125	-0.078125
52.900000	-0.007813	-0.007813
52.800000	-0.072266	-0.072266
52.700000	-0.082031	-0.082031
52.600000	-0.056641	-0.056641
52.500000	0.023438	0.023438
52.400000	0.015625	0.015625
52.300000	0.027344	0.027344
52.200000	-0.058594	-0.058594
52.100000	-0.048828	-0.048828
52.000000	0.015625	0.015625
51.900000	-0.009766	-0.009766
51.800000	0.003906	0.003906
51.700000	-0.042969	-0.042969
51.600000	-0.025391	-0.025391
51.500000	-0.023438	-0.023438
51.400000	-0.023438	-0.023438
51.300000	-0.093750	-0.093750
51.200000	-0.001953	-0.001953
51.100000	0.001953	0.001953
51.000000	-0.064453	-0.064453
50.900000	-0.005859	-0.005859
50.800000	0.007813	0.007813
50.700000	-0.029297	-0.029297
50.600000	-0.042969	-0.042969
50.500000	-0.013672	-0.013672
50.400000	-0.039063	-0.039063
50.300000	0.003906	0.003906
50.200000	-0.023438	-0.023438
50.100000	-0.009766	-0.009766
50.000000	-0.017578	-0.017578
49.900000	-0.017578	-0.017578
49.800000	0.023438	0.023438
49.700000	-0.025391	-0.025391
49.600000	0.003906	0.003906
49.500000	-0.027344	-0.027344
49.400000	-0.074219	-0.074219
49.300000	-0.019531	-0.019531
49.200000	0.000000	0.000000
49.100000	0.029297	0.029297
49.000000	-0.025391	-0.025391
48.900000	0.044922	0.044922
48.800000	-0.042969	-0.042969
48.700000	-0.021484	-0.021484
48.600000	-0.017578	-0.017578
48.500000	-0.041016	-0.041016
48.400000	-0.005859	-0.005859
48.300000	-0.023438	-0.023438
48.200000	-0.037109	-0.037109
48.100000	-0.019531	-0.019531
48.000000	-0.050781	-0.050781
47.900000	0.023438	0.023438
47.800000	-0.013672	-0.013672
47.700000	-0.003906	-0.003906
47.600000	-0.015625	-0.015625
47.500000	-0.027344	-0.027344
47.400000	-0.025391	-0.025391
47.300000	-0.007813	-0.007813
47.200000	-0.035156	-0.035156
47.100000	-0.023438	-0.023438
47.000000	0.009766	0.009766
46.900000	-0.039063	-0.039063
46.800000	-0.017578	-0.017578
46.700000	-0.056641	-0.056641
46.600000	0.013672	0.013672
46.500000	0.001953	0.001953
46.400000	0.001953	0.001953
46.300000	-0.007813	-0.007813
46.200000	-0.007813	-0.007813
46.100000	-0.066406	-0.066406
46.000000	-0.027344	-0.027344
45.900000	-0.005859	-0.005859
45.800000	-0.054688	-0.054688
45.700000	-0.025391	-0.025391
45.600000	-0.013672	-0.013672
45.500000	-0.083984	-0.083984
45.400000	0.009766	0.009766
45.300000	0.009766	0.009766
45.200000	-0.027344	-0.027344
45.100000	-0.035156	-0.035156
45.000000	-0.046875	-0.046875
44.900000	0.015625	0.015625
44.800000	-0.093750	-0.093750
44.700000	-0.017578	-0.017578
44.600000	-0.007813	-0.007813
44.500000	0.025391	0.025391
44.400000	0.037109	0.037109
44.300000	-0.044922	-0.044922
44.200000	-0.015625	-0.015625
44.100000	-0.066406	-0.066406
44.000000	-0.011719	-0.011719
43.900000	-0.046875	-0.046875
43.800000	-0.031250	-0.031250
43.700000	-0.054688	-0.054688
43.600000	0.003906	0.003906
43.500000	-0.005859	-0.005859
43.400000	0.013672	0.013672
43.300000	-0.009766	-0.009766
43.200000	-0.013672	-0.013672
43.100000	0.037109	0.037109
43.000000	-0.058594	-0.058594
42.900000	-0.037109	-0.037109
42.800000	-0.039063	-0.039063
42.700000	-0.039063	-0.039063
42.600000	-0.031250	-0.031250
42.500000	0.021484	0.021484
42.400000	-0.019531	-0.019531
42.300000	-0.025391	-0.025391
42.200000	-0.039063	-0.039063
42.100000	-0.097656	-0.097656
42.000000	-0.050781	-0.050781
41.900000	-0.019531	-0.019531
41.800000	-0.039063	-0.039063
41.700000	-0.017578	-0.017578
41.600000	-0.042969	-0.042969
41.500000	-0.048828	-0.048828
41.400000	0.011719	0.011719
41.300000	-0.013672	-0.013672
41.200000	0.013672	0.013672
41.100000	-0.015625	-0.015625
41.000000	-0.095703	-0.095703
40.900000	-0.082031	-0.082031
40.800000	0.009766	0.009766
40.700000	-0.054688	-0.054688
40.600000	-0.031250	-0.031250
40.500000	-0.011719	-0.011719
40.400000	-0.017578	-0.017578
40.300000	-0.023438	-0.023438
40.200000	0.037109	0.037109
40.100000	0.037109	0.037109
40.000000	-0.037109	-0.037109
39.900000	-0.003906	-0.003906
39.800000	0.001953	0.001953
39.700000	-0.048828	-0.048828
39.600000	-0.025391	-0.025391
39.500000	-0.054688	-0.054688
39.400000	-0.003906	-0.003906
39.300000	-0.042969	-0.042969
39.200000	-0.027344	-0.027344
39.100000	0.017578	0.017578
39.000000	-0.017578	-0.017578
38.900000	-0.015625	-0.015625
38.800000	-0.066406	-0.066406
38.700000	0.023438	0.023438
38.600000	0.052734	0.052734
38.500000	-0.029297	-0.029297
38.400000	-0.013672	-0.013672
38.300000	-0.052734	-0.052734
38.200000	0.009766	0.009766
38.100000	-0.072266	-0.072266
38.000000	0.064453	0.064453
37.900000	-0.009766	-0.009766
37.800000	-0.029297	-0.029297
37.700000	-0.076172	-0.076172
37.600000	0.003906	0.003906
37.500000	0.001953	0.001953
37.400000	-0.019531	-0.019531
37.300000	-0.060547	-0.060547
37.200000	-0.007813	-0.007813
37.100000	-0.072266	-0.072266
37.000000	-0.048828	-0.048828
36.900000	-0.044922	-0.044922
36.800000	-0.039063	-0.039063
36.700000	-0.048828	-0.048828
36.600000	-0.027344	-0.027344
36.500000	0.027344	0.027344
36.400000	0.046875	0.046875
36.300000	-0.035156	-0.035156
36.200000	-0.060547	-0.060547
36.100000	-0.042969	-0.042969
36.000000	-0.035156	-0.035156
35.900000	-0.011719	-0.011719
35.800000	-0.056641	-0.056641
35.700000	-0.056641	-0.056641
35.600000	-0.046875	-0.046875
35.500000	-0.017578	-0.017578
35.400000	-0.009766	-0.009766
35.300000	-0.070313	-0.070313
35.200000	-0.052734	-0.052734
35.100000	-0.019531	-0.019531
35.000000	-0.072266	-0.072266
34.900000	-0.064453	-0.064453
34.800000	-0.017578	-0.017578
34.700000	-0.085938	-0.085938
34.600000	-0.023438	-0.023438
34.500000	-0.009766	-0.009766
34.400000	-0.039063	-0.039063
34.300000	-0.050781	-0.050781
34.200000	-0.001953	-0.001953
34.100000	-0.072266	-0.072266
34.000000	-0.005859	-0.005859
33.900000	-0.037109	-0.037109
33.800000	-0.033203	-0.033203
33.700000	-0.083984	-0.083984
33.600000	-0.017578	-0.017578
33.500000	-0.039063	-0.039063
33.400000	-0.041016	-0.041016
33.300000	-0.015625	-0.015625
33.200000	-0.037109	-0.037109
33.100000	-0.025391	-0.025391
33.000000	-0.001953	-0.001953
32.900000	-0.009766	-0.009766
32.800000	-0.052734	-0.052734
32.700000	-0.050781	-0.050781
32.600000	-0.041016	-0.041016
32.500000	-0.011719	-0.011719
32.400000	0.005859	0.005859
32.300000	-0.042969	-0.042969
32.200000	0.000000	0.000000
32.100000	-0.021484	-0.021484
32.000000	-0.068359	-0.068359
31.900000	-0.029297	-0.029297
31.800000	-0.013672	-0.013672
31.700000	0.007813	0.007813
31.600000	0.029297	0.029297
31.500000	-0.068359	-0.068359
31.400000	-0.027344	-0.027344
31.300000	-0.056641	-0.056641
31.200000	-0.025391	-0.025391
31.100000	-0.066406	-0.066406
31.000000	-0.025391	-0.025391
30.900000	-0.060547	-0.060547
30.800000	0.041016	0.041016
30.700000	-0.042969	-0.042969
30.600000	-0.005859	-0.005859
30.500000	-0.037109	-0.037109
30.400000	-0.048828	-0.048828
30.300000	-0.054688	-0.054688
30.200000	-0.099609	-0.099609
30.100000	-0.048828	-0.048828
30.000000	-0.009766	-0.009766
29.900000	-0.082031	-0.082031
29.800000	-0.031250	-0.031250
29.700000	-0.054688	-0.054688
29.600000	-0.052734	-0.052734
29.500000	-0.023438	-0.023438
29.400000	-0.009766	-0.009766
29.300000	0.001953	0.001953
29.200000	-0.052734	-0.052734
29.100000	-0.027344	-0.027344
29.000000	-0.025391	-0.025391
28.900000	-0.033203	-0.033203
28.800000	0.029297	0.029297
28.700000	-0.052734	-0.052734
28.600000	-0.041016	-0.041016
28.500000	-0.091797	-0.091797
28.400000	-0.025391	-0.025391
28.300000	-0.037109	-0.037109
28.200000	-0.027344	-0.027344
28.100000	-0.001953	-0.001953
28.000000	-0.066406	-0.066406
27.900000	-0.050781	-0.050781
27.800000	-0.037109	-0.037109
27.700000	-0.060547	-0.060547
27.600000	-0.041016	-0.041016
27.500000	-0.005859	-0.005859
27.400000	0.037109	0.037109
27.300000	-0.033203	-0.033203
27.200000	-0.095703	-0.095703
27.100000	0.003906	0.003906
27.000000	-0.041016	-0.041016
26.900000	-0.025391	-0.025391
26.800000	-0.050781	-0.050781
26.700000	-0.029297	-0.029297
26.600000	-0.097656	-0.097656
26.500000	-0.031250	-0.031250
26.400000	-0.054688	-0.054688
26.300000	-0.107422	-0.107422
26.200000	-0.078125	-0.078125
26.100000	-0.023438	-0.023438
26.000000	-0.041016	-0.041016
25.900000	-0.033203	-0.033203
25.800000	-0.041016	-0.041016
25.700000	-0.072266	-0.072266
25.600000	-0.011719	-0.011719
25.500000	-0.019531	-0.019531
25.400000	-0.056641	-0.056641
25.300000	-0.009766	-0.009766
25.200000	-0.037109	-0.037109
25.100000	-0.083984	-0.083984
25.000000	-0.054688	-0.054688
24.900000	-0.087891	-0.087891
24.800000	-0.064453	-0.064453
24.700000	-0.056641	-0.056641
24.600000	-0.035156	-0.035156
24.500000	0.000000	0.000000
24.400000	-0.021484	-0.021484
24.300000	-0.099609	-0.099609
24.200000	-0.056641	-0.056641
24.100000	-0.087891	-0.087891
24.000000	-0.062500	-0.062500
23.900000	-0.039063	-0.039063
23.800000	-0.099609	-0.099609
23.700000	-0.021484	-0.021484
23.600000	-0.037109	-0.037109
23.500000	0.009766	0.009766
23.400000	-0.050781	-0.050781
23.300000	-0.017578	-0.017578
23.200000	-0.035156	-0.035156
23.100000	-0.011719	-0.011719
23.000000	-0.013672	-0.013672
22.900000	-0.113281	-0.113281
22.800000	-0.037109	-0.037109
22.700000	-0.015625	-0.015625
22.600000	-0.042969	-0.042969
22.500000	-0.052734	-0.052734
22.400000	-0.048828	-0.048828
22.300000	-0.044922	-0.044922
22.200000	-0.048828	-0.048828
22.100000	-0.080078	-0.080078
22.000000	-0.048828	-0.048828
21.900000	-0.005859	-0.005859
21.800000	-0.044922	-0.044922
21.700000	-0.060547	-0.060547
21.600000	-0.048828	-0.048828
21.500000	-0.095703	-0.095703
21.400000	-0.074219	-0.074219
21.300000	-0.064453	-0.064453
21.200000	-0.027344	-0.027344
21.100000	-0.082031	-0.082031
21.000000	-0.070313	-0.070313
20.900000	-0.060547	-0.060547
20.800000	-0.044922	-0.044922
20.700000	-0.062500	-0.062500
20.600000	-0.060547	-0.060547
20.500000	-0.101563	-0.101563
20.400000	-0.058594	-0.058594
20.300000	-0.041016	-0.041016
20.200000	-0.066406	-0.066406
20.100000	-0.113281	-0.113281
20.000000	-0.076172	-0.076172
19.900000	-0.082031	-0.082031
19.800000	-0.027344	-0.027344
19.700000	-0.039063	-0.039063
19.600000	-0.048828	-0.048828
19.500000	-0.076172	-0.076172
19.400000	-0.041016	-0.041016
19.300000	-0.080078	-0.080078
19.200000	-0.058594	-0.058594
19.100000	-0.029297	-0.029297
19.000000	-0.076172	-0.076172
18.900000	-0.031250	-0.031250
18.800000	-0.070313	-0.070313
18.700000	-0.060547	-0.060547
18.600000	-0.029297	-0.029297
18.500000	-0.027344	-0.027344
18.400000	-0.070313	-0.070313
18.300000	-0.123047	-0.123047
18.200000	-0.099609	-0.099609
18.100000	-0.054688	-0.054688
18.000000	-0.017578	-0.017578
17.900000	-0.056641	-0.056641
17.800000	-0.046875	-0.046875
17.700000	-0.119141	-0.119141
17.600000	-0.025391	-0.025391
17.500000	-0.064453	-0.064453
17.400000	-0.025391	-0.025391
17.300000	-0.050781	-0.050781
17.200000	-0.023438	-0.023438
17.100000	-0.058594	-0.058594
17.000000	-0.031250	-0.031250
16.900000	-0.052734	-0.052734
16.800000	-0.039063	-0.039063
16.700000	-0.066406	-0.066406
16.600000	-0.027344	-0.027344
16.500000	-0.074219	-0.074219
16.400000	-0.085938	-0.085938
16.300000	-0.099609	-0.099609
16.200000	-0.089844	-0.089844
16.100000	-0.076172	-0.076172
16.000000	-0.029297	-0.029297
15.900000	0.013672	0.013672
15.800000	0.007813	0.007813
15.700000	-0.025391	-0.025391
15.600000	-0.042969	-0.042969
15.500000	-0.085938	-0.085938
15.400000	-0.050781	-0.050781
15.300000	-0.046875	-0.046875
15.200000	-0.009766	-0.009766
15.100000	-0.039063	-0.039063
15.000000	-0.072266	-0.072266
14.900000	-0.064453	-0.064453
14.800000	-0.117188	-0.117188
14.700000	-0.128906	-0.128906
14.600000	-0.025391	-0.025391
14.500000	-0.068359	-0.068359
14.400000	-0.050781	-0.050781
14.300000	-0.091797	-0.091797
14.200000	-0.039063	-0.039063
14.100000	-0.085938	-0.085938
14.000000	-0.076172	-0.076172
13.900000	-0.091797	-0.091797
13.800000	-0.054688	-0.054688
13.700000	-0.041016	-0.041016
13.600000	-0.105469	-0.105469
13.500000	-0.107422	-0.107422
13.400000	-0.169922	-0.169922
13.300000	-0.050781	-0.050781
13.200000	-0.093750	-0.093750
13.100000	-0.062500	-0.062500
13.000000	-0.035156	-0.035156
12.900000	-0.037109	-0.037109
12.800000	-0.117188	-0.117188
12.700000	-0.087891	-0.087891
12.600000	-0.125000	-0.125000
12.500000	-0.048828	-0.048828
12.400000	-0.060547	-0.060547
12.300000	-0.070313	-0.070313
12.200000	-0.064453	-0.064453
12.100000	-0.117188	-0.117188
12.000000	-0.072266	-0.072266
11.900000	-0.080078	-0.080078
11.800000	-0.064453	-0.064453
11.700000	-0.052734	-0.052734
11.600000	-0.085938	-0.085938
11.500000	-0.158203	-0.158203
11.400000	-0.070313	-0.070313
11.300000	-0.113281	-0.113281
11.200000	-0.119141	-0.119141
11.100000	-0.123047	-0.123047
11.000000	-0.060547	-0.060547
10.900000	-0.078125	-0.078125
10.800000	-0.091797	-0.091797
10.700000	-0.035156	-0.035156
10.600000	-0.142578	-0.142578
10.500000	-0.093750	-0.093750
10.400000	-0.101563	-0.101563
10.300000	-0.095703	-0.095703
10.200000	-0.126953	-0.126953
10.100000	-0.023438	-0.023438
10.000000	-0.074219	-0.074219
9.900000	-0.046875	-0.046875
9.800000	-0.144531	-0.144531
9.700000	-0.115234	-0.115234
9.600000	-0.164063	-0.164063
9.500000	-0.080078	-0.080078
9.400000	-0.128906	-0.128906
9.300000	-0.097656	-0.097656
9.200000	-0.136719	-0.136719
9.100000	-0.128906	-0.128906
9.000000	-0.146484	-0.146484
8.900000	-0.097656	-0.097656
8.800000	-0.144531	-0.144531
8.700000	-0.101563	-0.101563
8.600000	-0.056641	-0.056641
8.500000	-0.121094	-0.121094
8.400000	-0.140625	-0.140625
8.300000	-0.099609	-0.099609
8.200000	-0.125000	-0.125000
8.100000	-0.089844	-0.089844
8.000000	-0.136719	-0.136719
7.900000	-0.087891	-0.087891
7.800000	-0.125000	-0.125000
7.700000	-0.093750	-0.093750
7.600000	-0.123047	-0.123047
7.500000	-0.142578	-0.142578
7.400000	-0.162109	-0.162109
7.300000	-0.103516	-0.103516
7.200000	-0.107422	-0.107422
7.100000	-0.144531	-0.144531
7.000000	-0.083984	-0.083984
6.900000	-0.076172	-0.076172
6.800000	-0.119141	-0.119141
6.700000	-0.148438	-0.148438
6.600000	-0.158203	-0.158203
6.500000	-0.103516	-0.103516
6.400000	-0.154297	-0.154297
6.300000	-0.160156	-0.160156
6.200000	-0.183594	-0.183594
6.100000	-0.169922	-0.169922
6.000000	-0.181641	-0.181641
5.900000	-0.117188	-0.117188
5.800000	-0.164063	-0.164063
5.700000	-0.187500	-0.187500
5.600000	-0.156250	-0.156250
5.500000	-0.169922	-0.169922
5.400000	-0.193359	-0.193359
5.300000	-0.201172	-0.201172
5.200000	-0.181641	-0.181641
5.100000	-0.265625	-0.265625
5.000000	-0.156250	-0.156250
4.900000	-0.197266	-0.197266
4.800000	-0.197266	-0.197266
4.700000	-0.234375	-0.234375
4.600000	-0.218750	-0.218750
4.500000	-0.218750	-0.218750
4.400000	-0.312500	-0.312500
4.300000	-0.207031	-0.207031
4.200000	-0.238281	-0.238281
4.100000	-0.279297	-0.279297
4.000000	-0.279297	-0.279297
3.900000	-0.275391	-0.275391
3.800000	-0.263672	-0.263672
3.700000	-0.214844	-0.214844
3.600000	-0.222656	-0.222656
3.500000	-0.283203	-0.283203
3.400000	-0.333984	-0.333984
3.300000	-0.205078	-0.205078
3.200000	-0.330078	-0.330078
3.100000	-0.265625	-0.265625
3.000000	-0.326172	-0.326172
2.900000	-0.320313	-0.320313
2.800000	-0.341797	-0.341797
2.700000	-0.328125	-0.328125
2.600000	-0.388672	-0.388672
2.500000	-0.355469	-0.355469
2.400000	-0.373047	-0.373047
2.300000	-0.363281	-0.363281
2.200000	-0.423828	-0.423828
2.100000	-0.480469	-0.480469
2.000000	-0.472656	-0.472656
1.900000	-0.460938	-0.460938
1.800000	-0.447266	-0.447266
1.700000	-0.501953	-0.501953
1.600000	-0.603516	-0.603516
1.500000	-0.599609	-0.599609
1.400000	-0.640625	-0.640625
1.300000	-0.644531	-0.644531
1.200000	-0.677734	-0.677734
1.100000	-0.734375	-0.734375
1.000000	-0.757813	-0.757813
0.900000	-0.810547	-0.810547
0.800000	-0.843750	-0.843750
0.700000	-0.886719	-0.886719
0.600000	-0.937500	-0.937500
0.500000	-0.953125	-0.953125
0.400000	-0.988281	-0.988281
0.300000	-1.000000	-1.000000
0.200000	-1.000000	-1.000000
0.100000	-1.000000	-1.000000
