0.000000	0.999940
0.100000	0.982260
0.200000	0.960230
0.300000	0.939890
0.400000	0.922010
0.500000	0.901770
0.600000	0.881130
0.700000	0.861110
0.800000	0.840630
0.900000	0.826240
1.000000	0.805940
1.100000	0.785380
1.200000	0.766020
1.300000	0.749090
1.400000	0.732100
1.500000	0.714840
1.600000	0.694560
1.700000	0.682500
1.800000	0.661990
1.900000	0.644840
2.000000	0.628410
2.100000	0.615900
2.200000	0.601460
2.300000	0.586610
2.400000	0.572040
2.500000	0.557940
2.600000	0.544180
2.700000	0.529240
2.800000	0.518260
2.900000	0.505000
3.000000	0.492740
3.100000	0.480810
3.200000	0.467350
3.300000	0.457520
3.400000	0.449990
3.500000	0.438860
3.600000	0.424780
3.700000	0.419210
3.800000	0.409310
3.900000	0.400020
4.000000	0.389060
4.100000	0.379140
4.200000	0.370590
4.300000	0.366560
4.400000	0.358950
4.500000	0.351860
4.600000	0.345650
4.700000	0.336000
4.800000	0.329310
4.900000	0.323350
5.000000	0.320230
5.100000	0.312420
5.200000	0.306350
5.300000	0.297260
5.400000	0.292670
5.500000	0.290970
5.600000	0.285110
5.700000	0.279460
5.800000	0.275960
5.900000	0.269140
6.000000	0.265630
6.100000	0.261400
6.200000	0.255930
6.300000	0.252960
6.400000	0.249950
6.500000	0.246260
6.600000	0.242530
6.700000	0.238220
6.800000	0.236590
6.900000	0.230030
7.000000	0.225950
7.100000	0.224350
7.200000	0.222180
7.300000	0.218560
7.400000	0.216820
7.500000	0.211530
7.600000	0.207560
7.700000	0.207890
7.800000	0.204640
7.900000	0.200670
8.000000	0.197900
8.100000	0.195480
8.200000	0.193920
8.300000	0.191100
8.400000	0.191980
8.500000	0.186860
8.600000	0.185150
8.700000	0.182750
8.800000	0.181100
8.900000	0.181530
9.000000	0.178370
9.100000	0.176210
9.200000	0.173110
9.300000	0.171550
9.400000	0.171990
9.500000	0.169040
9.600000	0.166740
9.700000	0.164900
9.800000	0.163310
9.900000	0.161330
10.000000	0.160370
10.100000	0.158390
10.200000	0.157090
10.300000	0.154330
10.400000	0.151980
10.500000	0.150420
10.600000	0.149240
10.700000	0.149350
10.800000	0.148100
10.900000	0.145740
11.000000	0.145130
11.100000	0.142240
11.200000	0.144230
11.300000	0.140040
11.400000	0.141630
11.500000	0.138580
11.600000	0.138040
11.700000	0.136160
11.800000	0.135680
11.900000	0.133080
12.000000	0.135800
12.100000	0.130970
12.200000	0.129570
12.300000	0.129820
12.400000	0.128880
12.500000	0.128760
12.600000	0.126140
12.700000	0.126080
12.800000	0.125230
12.900000	0.123300
13.000000	0.122450
13.100000	0.121450
13.200000	0.122100
13.300000	0.122340
13.400000	0.118090
13.500000	0.117950
13.600000	0.114690
13.700000	0.117280
13.800000	0.115380
13.900000	0.114590
14.000000	0.114080
14.100000	0.113670
14.200000	0.111660
14.300000	0.110760
14.400000	0.112460
14.500000	0.108670
14.600000	0.109280
14.700000	0.109000
14.800000	0.106910
14.900000	0.106960
15.000000	0.105710
15.100000	0.104860
15.200000	0.106320
15.300000	0.104860
15.400000	0.103240
15.500000	0.103790
15.600000	0.103040
15.700000	0.102510
15.800000	0.102930
15.900000	0.101680
16.000000	0.098700
16.100000	0.099300
16.200000	0.096680
16.300000	0.097760
16.400000	0.096010
16.500000	0.096190
16.600000	0.096320
16.700000	0.095100
16.800000	0.094610
16.900000	0.094470
17.000000	0.094270
17.100000	0.093180
17.200000	0.092130
17.300000	0.092080
17.400000	0.092840
17.500000	0.092690
17.600000	0.091750
17.700000	0.090630
17.800000	0.088740
17.900000	0.089270
18.000000	0.088500
18.100000	0.088670
18.200000	0.087460
18.300000	0.086520
18.400000	0.087540
18.500000	0.085920
18.600000	0.084980
18.700000	0.085780
18.800000	0.085020
18.900000	0.085540
19.000000	0.083750
19.100000	0.084560
19.200000	0.084000
19.300000	0.081610
19.400000	0.082850
19.500000	0.081850
19.600000	0.080430
19.700000	0.081610
19.800000	0.079550
19.900000	0.079980
20.000000	0.079460
20.100000	0.080190
20.200000	0.079450
20.300000	0.079180
20.400000	0.078400
20.500000	0.077750
20.600000	0.077760
20.700000	0.077450
20.800000	0.076310
20.900000	0.077880
21.000000	0.076580
21.100000	0.076240
21.200000	0.074030
21.300000	0.075770
21.400000	0.074440
21.500000	0.073990
21.600000	0.074330
21.700000	0.072860
21.800000	0.072520
21.900000	0.073410
22.000000	0.072320
22.100000	0.072270
22.200000	0.071490
22.300000	0.070450
22.400000	0.071920
22.500000	0.070770
22.600000	0.070890
22.700000	0.071010
22.800000	0.071270
22.900000	0.069670
23.000000	0.071430
23.100000	0.070210
23.200000	0.067400
23.300000	0.069240
23.400000	0.067220
23.500000	0.068410
23.600000	0.067080
23.700000	0.066400
23.800000	0.067620
23.900000	0.065770
24.000000	0.065940
24.100000	0.066610
24.200000	0.067810
24.300000	0.065290
24.400000	0.065470
24.500000	0.065390
24.600000	0.064440
24.700000	0.064240
24.800000	0.063790
24.900000	0.063440
25.000000	0.065240
25.100000	0.064160
25.200000	0.064320
25.300000	0.063880
25.400000	0.064190
25.500000	0.063680
25.600000	0.061680
25.700000	0.062500
25.800000	0.062220
25.900000	0.061340
26.000000	0.061830
26.100000	0.061220
26.200000	0.061060
26.300000	0.060250
26.400000	0.060100
26.500000	0.060770
26.600000	0.060500
26.700000	0.059390
26.800000	0.060470
26.900000	0.060260
27.000000	0.058790
27.100000	0.059160
27.200000	0.058750
27.300000	0.058700
27.400000	0.058220
27.500000	0.058420
27.600000	0.057920
27.700000	0.057800
27.800000	0.057950
27.900000	0.056320
28.000000	0.056980
28.100000	0.055920
28.200000	0.056670
28.300000	0.055920
28.400000	0.058380
28.500000	0.056950
28.600000	0.055350
28.700000	0.056350
28.800000	0.056000
28.900000	0.054750
29.000000	0.054650
29.100000	0.056000
29.200000	0.055070
29.300000	0.055400
29.400000	0.054320
29.500000	0.054580
29.600000	0.054180
29.700000	0.053640
29.800000	0.053300
29.900000	0.053050
30.000000	0.054210
30.100000	0.053150
30.200000	0.052460
30.300000	0.053490
30.400000	0.053410
30.500000	0.053480
30.600000	0.052680
30.700000	0.052510
30.800000	0.052380
30.900000	0.051140
31.000000	0.053270
31.100000	0.051300
31.200000	0.051370
31.300000	0.051610
31.400000	0.051460
31.500000	0.051160
31.600000	0.053050
31.700000	0.051550
31.800000	0.049130
31.900000	0.050390
32.000000	0.049380
32.100000	0.049910
32.200000	0.048790
32.300000	0.049580
32.400000	0.049180
32.500000	0.049140
32.600000	0.049610
32.700000	0.049650
32.800000	0.048660
32.900000	0.049120
33.000000	0.049560
33.100000	0.049120
33.200000	0.048120
33.300000	0.048400
33.400000	0.047810
33.500000	0.047460
33.600000	0.046860
33.700000	0.047180
33.800000	0.047260
33.900000	0.046510
34.000000	0.046090
34.100000	0.046790
34.200000	0.047980
34.300000	0.046450
34.400000	0.046090
34.500000	0.045580
34.600000	0.045830
34.700000	0.046400
34.800000	0.046590
34.900000	0.044240
35.000000	0.045100
35.100000	0.045440
35.200000	0.043840
35.300000	0.046150
35.400000	0.045730
35.500000	0.044890
35.600000	0.046100
35.700000	0.044310
35.800000	0.044570
35.900000	0.044310
36.000000	0.045860
36.100000	0.044900
36.200000	0.043890
36.300000	0.045160
36.400000	0.043680
36.500000	0.044140
36.600000	0.044540
36.700000	0.044000
36.800000	0.043490
36.900000	0.044850
37.000000	0.043630
37.100000	0.043580
37.200000	0.041910
37.300000	0.040840
37.400000	0.042920
37.500000	0.042680
37.600000	0.043030
37.700000	0.042610
37.800000	0.043050
37.900000	0.042250
38.000000	0.042530
38.100000	0.041450
38.200000	0.042600
38.300000	0.041880
38.400000	0.041580
38.500000	0.041990
38.600000	0.042080
38.700000	0.041680
38.800000	0.040570
38.900000	0.042130
39.000000	0.040600
39.100000	0.042850
39.200000	0.041600
39.300000	0.039620
39.400000	0.040030
39.500000	0.039450
39.600000	0.040460
39.700000	0.040590
39.800000	0.039900
39.900000	0.042570
40.000000	0.040090
40.100000	0.040390
40.200000	0.040530
40.300000	0.039370
40.400000	0.039840
40.500000	0.038570
40.600000	0.039240
40.700000	0.038750
40.800000	0.038270
40.900000	0.039920
41.000000	0.037980
41.100000	0.039110
41.200000	0.038390
41.300000	0.039140
41.400000	0.039230
41.500000	0.037890
41.600000	0.038640
41.700000	0.039570
41.800000	0.038870
41.900000	0.038720
42.000000	0.037740
42.100000	0.037910
42.200000	0.039030
42.300000	0.037800
42.400000	0.037640
42.500000	0.037830
42.600000	0.037720
42.700000	0.038350
42.800000	0.037250
42.900000	0.038130
43.000000	0.036720
43.100000	0.037610
43.200000	0.036780
43.300000	0.038070
43.400000	0.038180
43.500000	0.038450
43.600000	0.036540
43.700000	0.036500
43.800000	0.036910
43.900000	0.036880
44.000000	0.035580
44.100000	0.036520
44.200000	0.035980
44.300000	0.035460
44.400000	0.036560
44.500000	0.036380
44.600000	0.035120
44.700000	0.035900
44.800000	0.035600
44.900000	0.036270
45.000000	0.035200
45.100000	0.035650
45.200000	0.035540
45.300000	0.034270
45.400000	0.034400
45.500000	0.034920
45.600000	0.035440
45.700000	0.034950
45.800000	0.035610
45.900000	0.034430
46.000000	0.034430
46.100000	0.034480
46.200000	0.034720
46.300000	0.035400
46.400000	0.033260
46.500000	0.034350
46.600000	0.034040
46.700000	0.034670
46.800000	0.033830
46.900000	0.034610
47.000000	0.033280
47.100000	0.034130
47.200000	0.034460
47.300000	0.033260
47.400000	0.034000
47.500000	0.033780
47.600000	0.034850
47.700000	0.033710
47.800000	0.032470
47.900000	0.033110
48.000000	0.033700
48.100000	0.032610
48.200000	0.033040
48.300000	0.033040
48.400000	0.034040
48.500000	0.033420
48.600000	0.033620
48.700000	0.033310
48.800000	0.032920
48.900000	0.033580
49.000000	0.033200
49.100000	0.032660
49.200000	0.032290
49.300000	0.033040
49.400000	0.033080
49.500000	0.032540
49.600000	0.032170
49.700000	0.031230
49.800000	0.032270
49.900000	0.033050
